300 Leaders,,,,,,,,,,,,,,,,,,,,
Trading data for Thursday, May 3, 2012,,,,,,,,,,,,,,,,,,,,
"XAO 4494.5 at 2012-05-03T16:41:57. Report at Thursday, May 3, 2012. Processed Friday at 2012-05-04T01:00:05+10:00.",,,,,,,,,,,,,,,,,,,,
,,,,,,,,,,,,,,,,,,,,
,,,,,,,,,,,,,,,,,,,,
,,,,,,,,,,,,,,,,,,,,
2.34,1.78,2.10,2.05,ABP,Abacus Prop stp,2.09,-,7468,2.07,2.09,16.50,,.15,2.43,7.89,2.52,82.9,,
.082,.033,.045,.043,ABU,ABM Res,.043,-.2,72372,.043,.044,-,,-,-,-,-.43,-,,
4.30,2.59,4.21,4.05,ACR,Acrux,4.15,+10,46158,4.12,4.16,-,,-,.16,-,2.73,152.0,,
3.27,2.22,3.20,3.10,ABC,Adelaide Brighton,3.14,+1,14917,3.11,3.15,16.50,f,1.41,1.22,5.25,23.30,13.5,,
1.875,.65,.68,.655,ABY,Aditya Birla,.665,-.5,3872,.655,.665,9.00,,.94,-,13.53,8.48,7.8,,
15.79,12.50,15.00,14.80,AGK,AGL Energy,14.80,-16,11630,14.78,14.90,60.00,f,1.58,6.98,4.05,94.90,15.6,,
12.30,7.32,7.54,7.32,AQG,Alacer Gold cdi,7.45,-40,11431,7.43,7.52,-,,-,-,-,28.59,26.1,,
3.222,.995,2.05,2.01,ALS,Alesco Corp,2.02,+1,16474,2.02,2.04,10.00,f,2.13,.83,4.95,21.32,9.5,,
2.547,.882,1.34,1.295,ALK,Alkane Res,1.30,-4,3110,1.29,1.30,-,,-,-,-,-1.00,-,,
4.00,.45,2.15,1.95,ALD,Allied Gold cdi,2.15,+19,883,2.06,2.15,-,,-,2.99,-,-3.03,-,,
2.38,1.085,1.155,1.105,AWC,Alumina,1.115,-3,231773,1.11,1.12,5.68,f,.90,1.04,5.09,5.12,21.8,,
7.73,5.87,7.67,7.58,AMC,Amcor,7.61,-6,30308,7.56,7.61,36.00,,.76,1.20,4.73,27.40,27.8,,
5.36,3.61,4.35,4.30,AMP,AMP,4.30,-,83921,4.30,4.34,29.00,p,.91,.89,6.74,26.30,16.3,,
2.46,.93,1.045,1.025,AMX,Ampella Min,1.045,-,5841,1.04,1.05,-,,-,-,-,-12.25,-,,
15.36,11.82,14.95,14.54,ANN,Ansell,14.56,-9,9824,14.50,14.90,34.00,,2.74,2.31,2.34,93.30,15.6,,
24.05,17.63,23.75,23.56,ANZ,ANZ Banking Grp,23.64,-16,101646,23.63,23.67,142.00,f,1.47,11.44,6.01,208.20,11.4,,
5.34,3.53,4.92,4.88,APA,APA Grp stp,4.90,+5,73071,4.89,4.91,34.90,,.50,1.64,7.12,17.30,28.3,,
1.485,.695,.84,.80,APN,APN News & Media,.81,-3,31590,.81,.825,8.50,p,-,-.57,10.49,-7.30,-,,
5.39,1.955,2.10,2.06,AQP,Aquarius Platinum,2.07,-1,11927,2.05,2.08,3.76,,-,-,1.82,-46.14,-,,
8.264,3.927,4.53,4.38,AQA,Aquila Res,4.38,-13,3840,4.38,4.41,-,,-,-,-,-20.60,-,,
1.18,.25,.26,.255,ARU,Arafura Resources,.255,-.5,4374,.255,.265,-,,-,-,-,-1.91,-,,
9.65,6.65,9.61,9.52,ARP,ARB Corp,9.61,+3,146,9.51,9.65,24.00,f,2.19,1.75,2.50,52.63,18.3,,
1.59,1.005,1.305,1.27,AAD,Ardent Leisure Grp stp,1.295,+2,48675,1.285,1.305,11.50,,.90,.92,8.88,10.32,12.5,,
3.25,1.88,3.15,3.05,ALL,Aristocrat Leisure,3.14,+7,39077,3.11,3.15,6.50,,1.89,.26,2.07,12.30,25.5,,
5.145,3.99,4.82,4.74,AIO,Asciano,4.79,+4,32535,4.78,4.83,6.50,f,2.57,.51,1.36,16.70,28.7,,
.51,.355,.485,.48,APZ,Aspen Grp stp,.48,-.5,2016,.48,.485,4.20,,.88,.68,8.75,3.68,13.0,,
3.11,1.885,2.65,2.54,AJA,Astro Japan Prop Grp stp,2.60,+4,324,2.57,2.67,30.00,,-,4.78,11.54,-65.64,-,,
33.49,25.83,31.79,31.18,ASX,ASX,31.49,-75,15531,31.43,31.70,185.80,f,1.09,3.91,5.90,203.20,15.5,,
4.34,2.58,2.74,2.61,AGO,Atlas Iron,2.65,-10,187706,2.65,2.66,3.00,,7.20,.02,1.13,21.60,12.3,,
4.26,2.11,4.13,4.09,AUT,Aurora Oil & Gas,4.10,-2,7008,4.09,4.12,-,,-,-,-,7.38,55.6,,
4.34,2.52,4.14,3.96,ASL,Ausdrill,3.97,-16,11020,3.95,4.07,13.00,f,2.41,2.19,3.27,31.35,12.7,,
4.72,1.91,4.49,4.40,AAX,Ausenco,4.47,-1,1832,4.47,4.49,12.90,p,1.67,.61,2.89,21.50,20.8,,
1.575,1.245,1.305,1.285,AAC,Aust Agriculture,1.305,-,2632,1.285,1.305,-,,-,2.15,-,3.60,36.3,,
2.37,1.62,2.30,2.27,AIX,Aust Infrastructure Fd unt,2.30,+2,9789,2.29,2.30,10.00,p,3.11,2.92,4.35,31.08,7.4,,
5.45,3.14,5.00,4.90,ANG,Austin Engineer,4.94,-6,566,4.94,5.00,12.00,f,2.62,.47,2.43,31.47,15.7,,
3.07,2.17,2.87,2.77,ALZ,Australand Prop stp,2.80,+3,9634,2.77,2.83,21.50,,1.13,3.46,7.68,24.40,11.5,,
1.995,.872,1.81,1.775,AWE,AWE,1.79,-4,18132,1.78,1.79,-,f,-,1.65,-,-7.27,-,,
.99,.23,.575,.545,AZH,Azimuth Res,.565,-.5,29188,.565,.575,-,,-,-,-,-.90,-,,
2.203,.46,.715,.67,BND,Bandanna Energy,.67,-4,13655,.67,.685,-,,-,-,-,.16,418.8,,
9.085,6.264,7.10,7.03,BOQ,Bank of Qld,7.03,-6,11884,7.02,7.05,54.00,f,.08,7.30,7.68,4.30,163.5,,
1.275,.55,.64,.605,BTU,Bathurst Res,.605,-3,28067,.605,.61,-,,-,-,-,-.69,-,,
1.763,.815,1.42,1.38,BPT,Beach Energy,1.40,-,95477,1.395,1.405,1.75,f,2.43,1.19,1.25,4.25,32.9,,
.995,.59,.725,.69,BDR,Beadell Resources,.705,-2,27047,.70,.71,-,,-,-,-,-5.40,-,,
9.87,7.33,7.58,7.50,BEN,Bendigo & Adelaide Bk,7.50,-5,9374,7.50,7.56,60.00,f,.99,-,8.00,59.30,12.6,,
45.42,33.59,36.41,36.07,BHP,BHP Billiton,36.25,-,110154,36.20,36.28,103.08,f,3.85,11.69,2.84,397.33,9.1,,
6.87,1.70,2.60,2.54,BBG,Billabong Int'l,2.54,-6,25115,2.54,2.58,16.00,,1.94,-.46,6.30,31.00,8.2,,
1.25,.69,.86,.845,BTA,Biota Hldgs,.85,-1,1730,.845,.85,-,,-,.35,-,-12.70,-,,
1.427,.345,.405,.395,BSL,BlueScope Steel,.40,-,380949,.395,.40,2.00,,-,1.00,5.00,-81.00,-,,
4.67,2.34,4.13,3.965,BLY,Boart Longyear,3.97,-17,51235,3.97,4.00,9.88,p,3.50,1.54,2.49,34.56,11.5,,
4.93,3.13,4.01,3.87,BLD,Boral,4.00,+12,68411,3.93,4.00,14.50,f,2.14,3.27,3.62,31.00,12.9,,
8.79,6.09,7.52,7.41,BKN,Bradken,7.44,-1,6728,7.40,7.52,40.50,f,1.36,2.03,5.44,55.10,13.5,,
7.59,5.79,7.41,7.30,BXB,Brambles,7.37,-3,90996,7.35,7.38,26.00,p,1.21,2.05,3.53,31.45,23.4,,
3.85,.52,2.85,2.78,BRU,Buru Energy,2.81,-2,4955,2.77,2.85,-,,-,-,-,-8.30,-,,
1.895,1.555,1.895,1.87,BWP,BWP Trust unt,1.87,-2.5,6694,1.87,1.885,12.43,,.91,1.87,6.65,11.36,16.5,,
6.46,3.95,6.34,6.16,CAB,Cabcharge Aust,6.23,-11,2282,6.10,6.24,37.00,f,1.25,-,5.94,46.20,13.5,,
14.54,8.76,13.93,13.69,CTX,Caltex Aust,13.87,+3,7523,13.77,13.94,45.00,f,-,-,3.24,-264.30,-,,
69.92,38.24,69.51,67.14,CPB,Campbell Brothers,67.14,-186,2265,66.50,67.30,170.00,p,1.47,2.51,2.53,250.26,26.8,,
.63,.35,.54,.525,CFE,Cape Lambert Res,.54,+1,5680,.525,.54,-,,-,-,-,1.26,42.9,,
2.35,.75,.86,.83,CLR,Carabella Res,.85,-1.5,2163,.85,.86,-,,-,-,-,-6.31,-,,
5.85,3.79,5.69,5.61,CRZ,carsales.com,5.64,-,12321,5.60,5.75,21.80,f,1.25,.14,3.87,27.30,20.7,,
.825,.39,.59,.58,CCV,Cash Convert,.58,-1,4976,.58,.585,3.50,f,1.99,.25,6.03,6.98,8.3,,
1.93,1.655,1.885,1.86,CRF,Centro Retail Aust stp,1.865,+.5,83187,1.855,1.87,-,,-,2.35,-,-.19,-,,
.190,.086,.096,.096,CFU,Ceramic Fuel Cells,.096,-,1974,.096,.097,-,,-,.03,-,-2.09,-,,
1.97,1.49,1.935,1.895,CFX,CFS Retail Prop unt,1.93,+2,84460,1.92,1.94,12.90,p,1.04,2.06,6.68,13.47,14.3,,
5.07,3.48,3.94,3.90,CGF,Challenger,3.91,-1,10732,3.88,3.92,17.00,,1.99,2.05,4.35,33.80,11.6,,
.58,.43,.545,.53,CDI,Challenger Div Pro stp,.545,+.5,183671,.535,.545,4.05,,.94,.68,7.43,3.79,14.4,,
2.55,1.575,2.47,2.41,CHC,Charter Hall Grp forus,2.41,-7,21986,2.41,2.42,17.60,,.48,2.19,7.30,8.49,28.4,,
3.46,2.73,3.34,3.30,CQR,Charter Hall Ret REIT unt,3.33,+1,6724,3.31,3.34,25.80,,.44,3.43,7.75,11.28,29.5,,
2.95,2.18,2.77,2.72,CNU,Chorus,2.74,-6,674,2.74,2.81,-,,-,-,-,-,-,,
2.00,1.20,1.63,1.515,CPL,Coalspur Mines,1.525,-13,25655,1.52,1.53,-,,-,-,-,-3.39,-,,
12.65,10.04,12.62,12.49,CCL,Coca-Cola Amatil,12.51,-,19789,12.50,12.60,52.50,f,1.49,1.88,4.20,78.10,16.0,,
83.01,45.11,66.10,64.80,COH,Cochlear,65.16,-74,2541,64.89,65.55,240.00,p,.53,-,3.68,128.00,50.9,,
.50,.255,.285,.265,COK,Cockatoo Coal,.27,+.5,68711,.27,.275,-,,-,-,-,-.24,-,,
1.07,.84,1.05,1.04,CPA,C'wlth Prop Office ord unt,1.04,-1.5,95279,1.04,1.045,5.64,,1.49,1.13,5.42,8.43,12.3,,
53.18,42.30,52.83,52.61,CBA,C'wlth Bank  of Aust,52.68,-,31583,52.66,52.70,325.00,f,1.32,-,6.17,429.40,12.3,,
9.58,6.55,8.53,8.41,CPU,Computershare,8.44,-10,11938,8.42,8.50,28.00,p,1.51,-2.37,3.32,42.28,20.0,,
6.08,3.56,5.99,5.94,CCP,Credit Corp Grp,5.98,+2,538,5.94,5.99,23.00,f,2.04,2.29,3.85,46.90,12.8,,
9.29,7.45,9.27,9.08,CWN,Crown,9.12,-8,21005,9.11,9.26,37.00,p,1.64,3.22,4.06,60.66,15.0,,
1.165,.505,.70,.675,CSV,CSG,.695,+.5,467,.68,.695,5.50,f,2.01,.02,7.91,11.04,6.3,,
38.27,26.12,38.23,37.66,CSL,CSL,37.90,+15,13889,37.50,38.00,81.00,,2.16,5.29,2.14,174.79,21.7,,
3.04,1.635,1.775,1.725,CSR,CSR,1.765,+2.5,22548,1.76,1.775,11.30,f,9.05,2.32,6.40,102.30,1.7,,
4.33,2.72,3.75,3.65,CDU,CuDECO,3.74,+4,4189,3.70,3.75,-,,-,-,-,-.81,-,,
.755,.27,.325,.30,DTE,Dart Energy,.305,+1.5,276798,.30,.305,-,,-,-,-,-11.27,-,,
4.67,2.23,2.59,2.50,DJS,David Jones,2.52,-4,29888,2.51,2.53,25.50,f,1.12,1.37,10.12,28.60,8.8,,
3.394,1.707,3.05,3.02,DCG,Decmil Grp,3.03,-4,5558,3.02,3.04,8.50,f,2.08,.93,2.81,17.67,17.1,,
.965,.735,.95,.92,DXS,DEXUS Prop Grp stp,.93,-1,217485,.93,.935,5.26,,1.59,1.01,5.66,8.36,11.1,,
1.815,1.05,1.755,1.69,DML,Discovery Metals,1.71,-1,13066,1.705,1.715,-,,-,-,-,-3.62,-,,
4.16,2.71,3.70,3.52,DOW,Downer EDI,3.55,-13,21816,3.53,3.59,-,,-,2.07,-,44.19,8.0,,
1.58,.37,1.375,1.355,DLS,Drillsearch Energy,1.37,+1,6428,1.37,1.375,-,,-,-,-,-2.87,-,,
1.91,1.48,1.885,1.865,DUE,DUET Grp forus,1.87,-1.5,41167,1.86,1.87,18.00,,.76,1.50,9.63,13.62,13.7,,
3.19,2.26,3.00,2.94,DLX,DuluxGroup,2.95,-3,27741,2.94,2.96,15.00,f,1.71,.14,5.08,25.70,11.5,,
4.62,3.42,4.62,4.52,EGP,Echo Entertainment,4.60,+10,49171,4.59,4.64,4.00,f,2.55,.83,.87,10.20,45.1,,
20.55,12.29,13.46,13.36,EAU,Eldorado Gold cdi,13.36,-33,9,13.30,13.37,12.20,,4.68,-,.91,57.11,23.4,,
2.55,.92,1.01,.955,ELM,Elemental Min,.96,-5.5,921,.95,.96,-,,-,-,-,-12.36,-,,
1.197,.88,1.04,1.01,EHL,Emeco Hldgs,1.02,-1.5,18110,1.01,1.02,5.50,f,1.61,.70,5.39,8.88,11.5,,
2.65,1.93,2.14,2.01,EVR,Endeavour Mining cdi,2.14,+6,360,2.14,2.20,-,,-,-,-,-,-,,
3.37,1.135,1.825,1.665,ERA,Energy Res,1.82,+17,64633,1.81,1.825,-,,-,-,-,-29.67,-,,
.86,.415,.555,.48,EWC,Energy World Corp,.49,-7,63702,.485,.495,-,,-,.24,-,.58,84.5,,
.835,.555,.82,.80,ENV,Envestra,.80,-2.5,34442,.795,.805,5.80,,.59,-.02,7.25,3.40,23.5,,
2.07,1.216,1.73,1.66,EVN,Evolution Min,1.665,-5.5,13182,1.66,1.685,-,,-,1.58,-,-7.74,-,,
1.135,.675,.72,.71,FXJ,Fairfax Media,.715,+1,139563,.71,.72,3.50,f,-,-.19,4.90,-19.93,-,,
.80,.43,.52,.505,FKP,FKP Prop Grp stp,.52,+1,22250,.515,.52,3.00,p,1.14,1.22,5.77,3.41,15.2,,
13.44,9.53,13.44,13.32,FWD,Fleetwood Corp,13.42,+11,1111,13.40,13.42,74.00,f,1.25,2.52,5.51,92.80,14.5,,
6.88,4.39,5.07,4.95,FBU,Fletcher Bldg,4.96,-16,12167,4.95,4.97,24.95,f,1.21,2.07,5.03,30.14,16.5,,
2.38,1.60,2.32,2.26,FXL,FlexiGroup,2.30,-1,928,2.25,2.30,11.50,f,1.77,-,5.00,20.40,11.3,,
23.39,16.01,21.13,20.78,FLT,Flight Centre,20.86,+3,2565,20.86,20.94,89.00,f,1.70,4.23,4.27,151.00,13.8,,
.30,.10,.21,.205,FMS,Flinders Mines,.205,-,14154,.205,.21,-,,-,-,-,-.51,-,,
.083,.045,.046,.045,FML,Focus Minerals,.045,-.1,83098,.045,.046,-,,-,-,-,.10,45.0,,
6.86,4.00,6.20,6.01,FGE,Forge Grp,6.20,+3,1614,6.08,6.20,13.50,f,3.46,1.46,2.18,46.68,13.3,,
6.77,3.95,5.66,5.53,FMG,Fortescue Metals Grp,5.60,-5,86818,5.58,5.62,8.00,f,5.74,.51,1.43,45.92,12.2,,
1.13,.56,.70,.685,GXY,Galaxy Res,.69,+.5,8062,.685,.695,-,,-,-,-,-47.12,-,,
.998,.455,.58,.55,GBG,Gindalbie Metals,.555,-2.5,43491,.55,.555,-,,-,-,-,.30,185.0,,
9.899,6.17,7.81,7.58,GCL,Gloucester Coal,7.60,-10,9786,7.58,7.60,-,,-,6.23,-,-.90,-,,
.765,.205,.265,.25,GOR,Gold Road Res,.25,+1,37097,.25,.255,-,,-,-,-,-.84,-,,
1.014,.372,.655,.65,GFF,Goodman Fielder,.65,-.5,34176,.65,.655,2.50,,-,-.02,3.85,-17.40,-,,
3.775,2.60,3.745,3.69,GMG,Goodman Grp forus,3.70,-4,61180,3.70,3.73,19.00,,1.32,2.50,5.14,25.05,14.8,,
3.31,2.58,3.29,3.23,GPT,GPT Grp stp,3.25,-1,109171,3.24,3.25,18.20,,.90,3.59,5.60,16.29,20.0,,
9.61,6.559,9.50,9.37,GNC,GrainCorp,9.40,-2,8344,9.35,9.46,30.00,f,2.89,5.05,3.19,86.70,10.8,,
.68,.37,.585,.56,GRR,Grange Res,.575,-.5,17577,.555,.58,5.00,,3.76,.49,8.70,18.78,3.1,,
.80,.41,.51,.485,GGG,Greenland Min & Energy,.51,+1.5,5205,.495,.51,-,,-,-,-,-3.50,-,,
2.05,.895,.945,.915,GRY,Gryphon Minerals,.94,+2.5,9899,.91,.94,-,,-,-,-,-,-,,
9.58,6.84,8.755,8.61,GUD,GUD Hldgs,8.69,+3,1191,8.69,8.70,65.00,f,.87,1.18,7.48,56.80,15.3,,
3.25,1.84,2.10,2.06,GWA,GWA Grp,2.09,+3,10524,2.08,2.10,18.00,f,.80,.14,8.61,14.42,14.5,,
2.70,1.765,2.05,1.97,HVN,Harvey Norman,2.04,-3,79287,2.02,2.05,11.00,f,2.14,2.21,5.39,23.50,8.7,,
2.25,1.30,2.02,1.99,HDF,Hastings Divers stp,2.00,-1,28463,1.98,2.01,10.00,,-,-,5.00,-5.66,-,,
2.49,1.475,1.86,1.815,HGG,Henderson Grp cdi,1.855,-1.2,60123,1.85,1.86,10.80,,.51,.03,5.82,5.46,34.0,,
.35,.125,.165,.15,HIG,Highlands Pacific,.155,-1.5,12122,.15,.155,-,,-,-,-,-2.36,-,,
.305,.175,.265,.25,HGO,Hillgrove Res,.25,-1.5,26549,.25,.255,-,,-,-,-,-1.04,-,,
1.495,.95,1.13,1.10,HIL,Hills Hldgs,1.10,-4,1351,1.10,1.125,9.50,f,-,1.28,8.64,-7.30,-,,
.40,.165,.335,.32,HZN,Horizon Oil,.32,-1.5,30852,.32,.325,-,,-,.27,-,3.76,8.5,,
3.23,2.10,3.18,3.14,IIN,iiNet,3.18,+3,1580,3.16,3.18,13.00,f,1.81,-.84,4.09,23.50,13.5,,
19.46,11.82,16.77,16.30,ILU,Iluka Res,16.40,-31,33419,16.39,16.45,75.00,f,1.73,3.65,4.57,130.10,12.6,,
3.28,1.50,2.67,2.60,IMD,Imdex,2.62,+3,32325,2.60,2.63,6.00,f,3.28,.40,2.29,19.66,13.3,,
1.70,1.275,1.42,1.37,IMF,IMF (Aust),1.37,-4,2533,1.365,1.38,15.00,f,1.06,.19,10.95,15.86,8.6,,
4.13,2.94,3.37,3.30,IPL,Incitec Pivot,3.35,+1,113838,3.35,3.36,11.50,,2.37,.45,3.43,27.30,12.3,,
6.39,3.58,4.27,4.14,IGO,Independence Grp,4.17,-10,9050,4.14,4.25,5.00,f,-,3.38,1.20,-85.77,-,,
.56,.245,.42,.415,IRN,Indophil Res,.415,-.5,59827,.41,.415,-,,-,-,-,.13,319.2,,
1.60,.865,.95,.935,IDL,Industrea,.945,+1,13578,.94,.955,4.00,f,3.15,.34,4.23,12.59,7.5,,
.425,.18,.27,.24,IFN,Infigen Energy stp,.26,+1.5,24096,.26,.265,1.00,,-,.31,3.85,-8.00,-,,
3.66,2.74,3.59,3.535,IAG,Insurance Aust Grp,3.55,-,77013,3.53,3.56,12.00,f,.94,1.19,3.38,11.24,31.6,,
.64,.375,.525,.50,IGR,Integra Min,.50,-2,31501,.50,.505,-,,-,-,-,3.12,16.0,,
1.97,.655,.85,.815,IAU,Intrepid Mines,.835,-.5,13467,.815,.84,-,,-,-,-,-5.71,-,,
2.81,2.10,2.81,2.78,IOF,Investa Office Fd stp,2.78,-3,16675,2.78,2.80,15.60,,1.93,3.16,5.61,30.16,9.2,,
8.44,6.25,8.44,8.29,IVC,InvoCare,8.38,+5,2189,8.30,8.43,29.75,f,.86,-,3.55,25.60,32.7,,
7.03,4.95,6.30,6.20,IFL,IOOF Hldgs,6.20,-2,4853,6.20,6.30,41.00,f,1.05,.16,6.61,42.90,14.5,,
9.68,6.21,6.63,6.21,IRE,IRESS Market Tech,6.29,-35,15115,6.27,6.33,38.00,p,.86,-,6.04,32.64,19.3,,
3.38,.805,1.215,1.18,IVA,Ivanhoe Aust,1.185,-2,10924,1.185,1.21,-,,-,-,-,-28.30,-,,
7.99,4.66,7.59,7.45,JHX,James Hardie Ind cdi,7.53,+1,14124,7.51,7.60,4.01,,6.90,-.79,.53,27.68,27.2,,
19.25,9.39,9.59,9.39,JBH,JB Hi-Fi,9.40,-14,8124,9.40,9.43,78.00,f,1.30,1.12,8.30,101.79,9.2,,
.21,.11,.12,.115,KRL,Kangaroo Res,.12,-,1251,.115,.12,-,,-,-,-,-7.73,-,,
7.04,2.60,6.45,6.28,KAR,Karoon Gas Aust,6.31,-10,3524,6.28,6.31,-,,-,-,-,-2.75,-,,
2.03,1.195,1.345,1.315,KMD,Kathmandu Hldgs,1.345,+3,7301,1.33,1.35,7.70,f,1.77,.03,5.72,13.61,9.9,,
9.50,5.62,6.20,6.12,KCN,Kingsgate Cons,6.16,-5,3831,6.15,6.18,15.00,,2.12,4.83,2.44,31.80,19.4,,
1.875,1.05,1.165,1.135,KRM,Kingsrose Min,1.15,-2,2605,1.14,1.15,-,,-,-,-,9.73,11.8,,
26.65,16.79,20.63,20.20,LEI,Leighton Hldgs,20.20,-33,8821,20.20,20.44,60.00,,-,6.43,2.97,-133.10,-,,
9.26,6.70,7.67,7.56,LLC,Lend Lease Grp stp,7.61,-6,14649,7.51,7.64,31.00,,2.90,4.07,4.07,89.80,8.5,,
3.28,1.015,1.105,1.06,LNC,Linc Energy,1.06,-3.5,19868,1.055,1.065,-,,-,-,-,-15.63,-,,
2.38,.857,1.10,1.075,LYC,Lynas Corp,1.09,-.5,108230,1.085,1.095,-,,-,-,-,-4.58,-,,
3.624,2.274,3.09,3.03,MTU,M2 Telecomms,3.06,-1,5564,3.06,3.09,18.00,f,1.48,-,5.88,26.69,11.5,,
.69,.25,.335,.305,MTUR,  rts 04may,.33,-1.5,9111,.33,.34,-,,-,-,-,-,-,,
.895,.445,.75,.72,MAH,Macmahon Hldgs,.74,+1,58596,.74,.75,1.50,f,3.47,.42,2.03,5.21,14.2,,
2.02,1.215,1.67,1.645,MQA,Macq Atlas Roads stp,1.65,-1.5,19602,1.64,1.665,-,,-,-1.85,-,-63.40,-,,
35.54,19.94,29.43,29.02,MQG,Macquarie Grp,29.10,-45,18492,29.00,29.23,140.00,,1.50,28.12,4.81,210.10,13.9,,
8.56,2.80,3.02,2.98,MCE,Matrix C & E,2.99,-7,2046,2.98,2.99,7.00,f,2.29,1.41,2.34,16.00,18.7,,
11.10,6.80,10.90,10.52,MMS,McMillan Shakespeare,10.70,-17,812,10.66,10.85,44.00,f,1.59,1.35,4.11,69.99,15.3,,
8.71,4.31,5.71,5.60,MML,Medusa Min,5.62,-7,3810,5.58,5.62,10.00,,3.67,1.51,1.78,36.66,15.3,,
3.44,2.62,3.23,3.08,MRM,Mermaid Marine,3.11,-10,7050,3.08,3.19,10.00,f,2.34,1.30,3.22,23.38,13.3,,
10.04,6.09,7.63,7.50,MSB,Mesoblast,7.51,-20,2271,7.50,7.55,-,,-,.47,-,-31.65,-,,
4.37,3.62,4.04,4.01,MTS,Metcash,4.04,+2,23232,4.02,4.04,27.50,f,1.07,-.04,6.81,29.34,13.8,,
.43,.115,.185,.175,MNC,Metminco,.18,+.5,65187,.18,.185,-,,-,-,-,-.98,-,,
2.30,1.16,2.12,2.02,MIO,Miclyn Express,2.04,-8,1633,2.02,2.04,5.28,,3.96,.92,2.59,20.90,9.8,,
1.19,.65,.745,.70,MCR,Mincor Res,.715,-2,5702,.715,.73,4.00,f,-,.83,5.59,-10.40,-,,
7.208,3.85,5.84,5.74,MDL,Mineral Deposits,5.78,-7,1586,5.53,5.80,-,,-,4.05,-,394.36,1.5,,
13.33,9.24,11.90,11.70,MIN,Mineral Res,11.77,-17,2955,11.70,11.86,43.00,f,2.27,3.85,3.65,97.70,12.0,,
2.20,.43,.465,.435,MBN,Mirabela Nickel,.465,+1,28295,.455,.47,-,,-,1.05,-,-10.16,-,,
1.33,.965,1.33,1.30,MGR,Mirvac Grp stp,1.32,+1,203240,1.315,1.325,8.20,,1.33,1.63,6.21,10.94,12.1,,
.845,.525,.685,.67,MPO,Molopo Energy,.67,-1.5,3136,.665,.67,-,,-,-,-,34.00,2.0,,
24.37,15.30,23.14,21.91,MND,Monadelphous Grp,22.19,-95,8031,22.12,22.34,105.00,f,1.16,2.34,4.73,121.94,18.2,,
2.15,1.025,1.115,1.085,MGX,Mount Gibson Iron,1.11,+1,33874,1.10,1.115,6.00,f,3.43,.46,5.41,20.58,5.4,,
1.15,.235,.48,.47,MMX,Murchison Metals,.48,+.5,22875,.475,.48,-,,-,-,-,-16.01,-,,
3.22,1.92,2.45,2.42,MYR,Myer Hldgs,2.44,-,37132,2.43,2.45,21.50,f,1.12,-.17,8.81,24.00,10.2,,
28.18,19.64,25.30,25.12,NAB,National Aust Bank,25.20,+10,52115,25.20,25.30,172.00,f,1.36,13.62,6.83,233.60,10.8,,
4.39,2.83,3.90,3.81,NVT,Navitas,3.86,+1,2900,3.85,3.88,21.40,f,1.01,-.57,5.54,21.63,17.8,,
.59,.245,.415,.395,NEN,Neon Energy,.41,-1,15571,.41,.415,-,,-,.10,-,.38,107.9,,
41.268,25.41,26.74,26.24,NCM,Newcrest Min,26.67,+7,27338,26.61,26.68,32.00,,4.60,14.26,1.20,147.20,18.1,,
19.64,13.32,19.50,19.38,NWS,News Corp b voting,19.40,+1,11177,19.38,19.45,14.86,,7.58,1.84,.77,112.63,17.2,,
2.36,1.345,2.04,1.98,NXT,NEXTDC,2.00,+1.5,4107,2.00,2.02,-,,-,1.04,-,-4.99,-,,
.41,.105,.202,.195,NXS,Nexus Energy,.195,-.5,176243,.195,.20,-,,-,-,-,-16.74,-,,
.805,.26,.30,.28,NMG,Noble Min Res,.28,-2,5839,.28,.29,-,,-,-,-,-4.48,-,,
1.90,.60,1.055,1.045,NFE,Northern Iron,1.05,-2,3727,1.045,1.07,-,,-,-,-,.84,125.0,,
1.14,.345,.80,.74,NST,Northern Star Res,.755,-4.5,35597,.75,.755,-,,-,-,-,6.60,11.4,,
4.36,2.06,3.87,3.66,NWH,NRW Hldgs,3.75,-17,57379,3.73,3.76,13.00,f,1.86,.98,3.47,24.20,15.5,,
5.24,3.08,4.91,4.80,NUF,Nufarm,4.89,+8,5447,4.82,4.90,3.00,f,-,2.91,.61,-21.00,-,,
2.94,1.86,2.29,2.22,OGC,OceanaGold Corp cdi,2.22,-5,18966,2.20,2.23,-,,-,1.79,-,16.74,13.3,,
7.58,5.43,7.43,7.32,OSH,Oil Search,7.39,-1,40547,7.31,7.41,3.86,,3.91,-,.52,15.11,48.9,,
1.19,.315,.50,.485,OMH,OM Hldgs,.49,-1,2709,.485,.495,2.00,,-,.51,4.08,-2.29,-,,
2.20,.63,1.365,1.345,OST,OneSteel,1.35,-1,49341,1.345,1.36,7.00,,.44,1.13,5.19,3.09,43.7,,
28.27,21.34,27.25,26.95,ORI,Orica,27.01,-10,9941,26.85,27.15,90.00,f,1.93,2.09,3.33,173.50,15.6,,
16.60,12.00,13.80,13.62,ORG,Origin Energy,13.68,-6,26912,13.65,13.75,50.00,f,2.18,7.10,3.65,108.80,12.6,,
9.04,5.95,8.65,8.56,ORL,OrotonGroup,8.63,+3,512,8.56,8.63,50.00,f,1.25,.87,5.79,62.25,13.9,,
14.45,1.253,9.37,9.23,OZL,OZ Minerals,9.23,-14,9590,9.23,9.30,60.00,,1.43,8.08,6.50,85.60,10.8,,
.76,.50,.637,.625,PBG,Pacific Brands,.635,-,19362,.625,.64,5.10,f,-,.11,8.03,-35.60,-,,
3.51,1.11,1.605,1.575,PDN,Paladin Energy,1.585,-1.5,33205,1.58,1.59,-,,-,1.44,-,-20.98,-,,
4.32,.725,3.28,3.18,PNA,PanAust,3.19,-6,15026,3.18,3.20,-,,-,1.46,-,22.12,14.4,,
2.16,1.035,1.065,1.05,PAN,Panoramic Res,1.05,-3,4958,1.05,1.055,4.00,f,.10,1.46,3.81,.40,262.5,,
1.425,.35,1.13,1.09,PIR,Papillon Res,1.10,-3,4643,1.095,1.105,-,,-,-,-,-2.10,-,,
.693,.32,.40,.39,PEM,Perilya,.395,-1.5,1939,.39,.395,-,,-,.46,-,6.71,5.9,,
29.48,19.03,25.49,25.13,PPT,Perpetual,25.19,-8,1099,25.12,25.43,140.00,f,.88,-,5.56,123.40,20.4,,
4.05,2.12,2.65,2.58,PRU,Perseus Min,2.63,-3,20081,2.58,2.64,-,,-,-,-,1.72,152.9,,
2.922,.585,1.32,1.295,PXS,Pharmaxis,1.30,-,8386,1.30,1.32,-,,-,.37,-,-18.50,-,,
.245,.10,.22,.215,POH,Phosphagenics,.215,-,9949,.215,.22,-,,-,.03,-,.13,165.4,,
4.43,3.32,4.37,4.27,PTM,Platinum Asset,4.27,-10,4269,4.22,4.29,23.00,f,1.07,-,5.39,24.72,17.3,,
6.39,4.64,5.37,5.30,PMV,Premier Invest,5.34,-5,134,5.27,5.38,36.00,f,.71,2.25,6.74,25.50,20.9,,
.365,.135,.205,.195,PRR,Prima BioMed,.20,-1,77744,.20,.205,-,,-,.04,-,-3.35,-,,
3.58,2.56,2.84,2.795,PRY,Primary Health Care,2.80,-1,16227,2.79,2.83,10.00,f,2.10,-,3.57,20.99,13.3,,
2.70,1.625,2.56,2.52,PRG,Programmed Maint,2.54,-2,218,2.51,2.56,11.00,f,1.93,.91,4.33,21.20,12.0,,
2.19,1.35,1.665,1.622,QAN,Qantas Airways,1.625,-1,67002,1.62,1.635,-,,-,2.46,-,2.30,70.7,,
18.50,9.88,14.20,13.92,QBE,QBE Insurance Grp,13.95,+5,40003,13.95,14.00,87.00,p,.73,.04,6.24,63.90,21.8,,
4.03,2.85,3.71,3.68,QRN,QR National,3.69,-1,65980,3.69,3.70,7.40,,1.53,.29,2.01,11.33,32.6,,
1.79,1.205,1.60,1.54,QUB,Qube Logistics,1.54,-4.5,15609,1.54,1.555,3.90,f,1.36,.57,2.53,5.31,29.0,,
1.735,.55,.58,.555,RMS,Ramelius Res,.555,-1,20660,.55,.56,-,,-,.65,-,15.70,3.5,,
20.50,16.00,20.50,20.26,RHC,Ramsay Health Care,20.38,+17,5229,20.21,20.45,55.00,f,2.00,2.14,2.70,110.10,18.5,,
2.40,1.10,1.80,1.75,RED,Red 5,1.765,-1,3824,1.76,1.775,-,,-,-,-,-5.65,-,,
4.43,2.20,4.38,4.22,RRL,Regis Res,4.28,-10,19119,4.21,4.30,-,,-,-,-,14.11,30.3,,
3.39,2.36,3.39,3.36,RMD,ResMed Inc cdi,3.37,+4,45774,3.36,3.37,-,,-,-,-,13.87,24.3,,
2.21,.97,1.73,1.685,RSG,Resolute Min,1.71,+2,67453,1.705,1.71,-,,-,-,-,19.91,8.6,,
2.92,1.05,1.085,1.065,RXM,Rex Minerals,1.065,-3.5,1070,1.065,1.07,-,,-,-,-,.59,180.5,,
84.53,58.52,66.15,65.47,RIO,Rio Tinto,65.65,-76,23556,65.60,65.69,134.01,f,2.23,19.14,2.04,298.35,22.0,,
.455,.25,.42,.41,ROC,Roc Oil Co,.42,+.5,20565,.415,.42,-,,-,-,-,3.84,10.9,,
5.29,3.95,4.72,4.62,SAI,SAI Global,4.68,-4,6805,4.65,4.90,14.80,f,1.70,-.79,3.16,25.10,18.6,,
.16,.082,.095,.092,SSN,Samson Oil & Gas,.093,-.2,4143,.092,.093,-,,-,-,-,-.57,-,,
8.62,5.52,8.22,8.13,SFR,Sandfire Res,8.20,-,35366,8.00,8.22,-,,-,-,-,-5.88,-,,
14.98,10.11,14.18,14.08,STO,Santos,14.11,-5,18727,14.06,14.12,30.00,f,2.83,-,2.13,84.80,16.6,,
.975,.505,.605,.585,SAR,Saracen Min,.595,-.5,17343,.595,.60,-,,-,-,-,4.48,13.3,,
2.58,1.445,2.16,2.12,SDM,Sedgman,2.13,-6,586,2.12,2.13,8.50,f,1.91,.57,3.99,16.20,13.1,,
7.55,4.87,7.40,7.30,SEK,Seek,7.30,-10,31118,7.27,7.31,15.80,f,2.08,-.01,2.16,32.80,22.3,,
1.22,.300,1.035,1.01,SXY,Senex Energy,1.015,-2.5,30728,1.01,1.02,-,,-,-,-,-,-,,
10.76,6.35,10.16,10.06,SVW,Seven Grp Hldgs,10.07,-12,1692,10.06,10.14,36.00,f,-,5.05,3.57,-.40,-,,
4.75,2.49,3.03,2.98,SWM,Seven West Media,2.99,-2,19905,2.98,3.00,45.00,f,.92,-,15.05,41.50,7.2,,
.738,.342,.70,.685,SIP,Sigma Pharmaceutical,.70,+1.5,34633,.695,.70,3.50,f,1.20,.57,5.00,4.20,16.7,,
4.14,1.80,3.76,3.69,SLX,Silex Systems,3.70,-10,599,3.70,3.77,-,,-,.70,-,-22.50,-,,
3.87,1.57,2.99,2.79,SLR,Silver Lake Res,2.84,-15,11419,2.82,2.85,-,,-,.60,-,14.87,19.1,,
18.59,11.54,13.91,13.69,SGM,Sims Metal Mgt,13.71,-21,6650,13.70,13.77,45.00,,-,8.51,3.28,-200.20,-,,
2.57,2.162,2.46,2.43,SGT,Singapore Tel cdi,2.43,-2,4665,2.43,2.44,12.30,,1.49,.61,5.06,18.27,13.3,,
6.61,4.32,6.04,5.98,SMX,SMS Management,6.01,-2,882,5.98,6.05,30.00,f,1.46,.72,4.99,43.90,13.7,,
13.14,10.66,12.64,12.49,SHL,Sonic Healthcare,12.52,-3,13221,12.47,12.64,59.00,p,1.32,-,4.71,77.70,16.1,,
1.125,.815,1.115,1.095,SPN,SP AusNet stp,1.11,-,39890,1.10,1.12,8.00,p,1.03,.89,7.21,8.28,13.4,,
1.575,1.125,1.43,1.41,SKI,Spark Infrastructure stp,1.41,-2,87889,1.41,1.42,10.00,,.62,1.64,7.09,6.22,22.7,,
2.59,1.72,2.55,2.54,SPT,Spotless Grp,2.55,-1,15930,2.54,2.55,11.00,f,1.45,-.18,4.31,16.00,15.9,,
2.58,1.71,2.24,2.17,SBM,St Barbara,2.19,-3,12181,2.18,2.24,-,,-,1.47,-,22.60,9.7,,
1.88,.92,1.86,1.81,SPL,Starpharma Hldgs,1.815,-3,6520,1.80,1.83,-,,-,.17,-,-3.72,-,,
3.597,.741,1.12,1.05,STB,Sth Boulder Mines,1.05,-3,640,1.05,1.11,-,,-,-,-,-10.90,-,,
1.58,.905,1.38,1.34,SXL,Sthn Cross Media,1.375,+3,16595,1.335,1.375,8.00,f,1.99,-.66,5.82,15.95,8.6,,
3.61,2.52,3.32,3.25,SGP,Stockland stp,3.29,+4,303396,3.29,3.30,23.90,,1.13,3.69,7.26,26.90,12.2,,
8.85,6.03,8.41,8.31,SUN,Suncorp Grp,8.40,+13,40032,8.35,8.40,40.00,f,1.21,6.14,4.76,48.50,17.3,,
.54,.30,.47,.465,SDL,Sundance Res,.465,-.5,36404,.46,.465,-,,-,-,-,-.85,-,,
7.95,5.14,7.95,7.65,SUL,Super Retail Grp,7.84,+19,19032,7.66,7.95,30.50,f,1.47,.09,3.89,44.80,17.5,,
3.59,2.54,2.94,2.84,SYD,Sydney Airport forus,2.94,+11,74557,2.87,2.94,21.00,,-,-2.28,7.14,-12.89,-,,
3.756,2.46,2.93,2.85,TAH,Tabcorp Hldgs,2.90,+5,120453,2.90,2.92,32.00,f,2.06,-,11.03,66.02,4.4,,
1.17,.67,.845,.825,TAM,Tanami Gold,.825,-1.5,2095,.825,.835,-,,-,-,-,-3.80,-,,
.99,.54,.785,.78,TAP,Tap Oil,.78,-.5,719,.775,.78,-,,-,.29,-,-8.40,-,,
1.66,1.18,1.49,1.46,TGR,Tassal Grp,1.485,-1.5,141,1.46,1.485,6.00,,3.33,1.69,4.04,19.99,7.4,,
2.65,2.08,2.65,2.60,TTS,Tatts Grp,2.60,-,61169,2.60,2.61,22.00,f,1.01,-1.03,8.46,22.20,11.7,,
2.10,1.258,2.08,2.01,TEL,Telecom Corp of NZ,2.01,-7,27376,2.01,2.02,12.91,,3.08,.43,6.42,39.73,5.1,,
3.61,2.69,3.60,3.56,TLS,Telstra Corp,3.59,+1,429617,3.58,3.59,28.00,f,1.01,.30,7.80,28.30,12.7,,
1.31,.725,.82,.80,TEN,Ten Network Hldgs,.81,-1.5,22011,.81,.815,5.25,,-,-.38,6.48,-1.97,-,,
2.53,1.845,2.23,2.17,TGZ,Teranga Gold cdi,2.20,+1,703,2.17,2.30,-,,-,.83,-,-4.28,-,,
.76,.36,.60,.59,TXN,Texon Petroleum,.595,-,2758,.59,.60,-,,-,-,-,.88,67.6,,
13.06,8.91,11.90,11.73,TRS,The Reject Shop,11.75,-5,640,11.73,11.85,32.00,f,2.02,2.67,2.72,64.50,18.2,,
2.154,1.34,1.47,1.425,TGA,Thorn Grp,1.435,-.5,12769,1.425,1.445,8.95,f,2.07,-,6.24,18.56,7.7,,
.57,.30,.35,.345,TGS,Tiger Res,.345,-.5,5679,.345,.35,-,,-,-,-,-.87,-,,
5.98,3.70,5.915,5.78,TOL,Toll Hldgs,5.80,-,36072,5.80,5.85,25.00,f,1.54,1.42,4.31,38.60,15.0,,
2.87,1.70,2.57,2.53,TOX,Tox Free Solutions,2.53,-3,856,2.53,2.57,3.00,,5.74,.87,1.19,17.23,14.7,,
1.925,1.23,1.92,1.895,TPM,TPG Telecom,1.91,-,5686,1.90,1.91,5.00,f,2.60,.04,2.62,13.00,14.7,,
3.76,1.755,2.31,2.24,TSE,Transfield Services,2.24,-7,11758,2.24,2.27,14.00,p,-,.65,6.25,-1.20,-,,
.995,.459,.85,.84,TPI,Transpacific Indust,.85,-,9038,.835,.85,-,,-,.06,-,-32.70,-,,
5.91,4.54,5.90,5.83,TCL,Transurban Grp stp,5.88,-1,45040,5.83,5.92,28.50,p,.32,2.42,4.85,9.00,65.3,,
4.61,2.83,4.59,4.54,TWE,Treasury Wine Estates,4.57,-,65395,4.54,4.60,12.00,p,.52,3.05,2.63,6.20,73.7,,
5.05,3.20,4.44,4.33,TRY,Troy Resources,4.35,-10,2413,4.34,4.39,6.00,,3.65,-,1.38,21.88,19.9,,
15.54,10.95,12.99,12.87,UGL,UGL,12.91,-5,6256,12.89,12.95,72.00,f,1.24,-,5.58,89.40,14.4,,
.905,.47,.655,.64,UNS,Unilife Corp cdi,.65,-1,495,.645,.65,-,,-,.13,-,15.33,4.2,,
.480,.225,.41,.385,VAH,Virgin Australia,.41,+2.5,85781,.41,.415,-,,-,.41,-,-1.90,-,,
1.55,.90,.95,.915,WTP,Watpac,.93,+.5,1931,.915,.94,6.00,f,1.58,1.48,6.45,9.50,9.8,,
3.59,1.50,3.53,3.49,WEB,Webjet,3.53,+1,10480,3.49,3.52,12.00,f,1.32,.36,3.40,15.89,22.2,,
33.86,26.04,30.75,30.57,WES,Wesfarmers,30.57,-17,20173,30.55,30.67,155.00,f,1.08,-,5.07,167.00,18.3,,
6.66,4.05,5.00,4.91,WSA,Western Areas,4.95,-6,5150,4.93,5.00,20.00,,2.54,1.60,4.04,50.90,9.7,,
9.51,7.21,9.51,9.37,WDC,Westfield Grp stp,9.45,+1,103696,9.43,9.49,48.40,,1.38,7.27,5.12,66.55,14.2,,
2.80,2.18,2.77,2.73,WRT,Westfield Retail Tr stp,2.74,+2,142803,2.74,2.77,16.50,,1.94,3.26,6.02,31.96,8.6,,
24.33,17.84,23.06,22.85,WBC,Westpac Banking,22.91,+22,120896,22.90,22.98,156.00,f,1.49,9.96,6.81,233.00,9.8,,
2.55,.315,.41,.395,WEC,White Energy,.40,-,1221,.40,.405,-,,-,-,-,-12.31,-,,
6.218,4.448,5.19,5.01,WHC,Whitehaven Coal,5.07,-11,31928,5.04,5.18,7.40,f,1.77,1.95,1.46,13.10,38.7,,
46.75,29.76,36.79,36.07,WPL,Woodside Petroleum,36.20,-46,23613,36.19,36.63,103.39,f,1.81,15.47,2.86,187.08,19.4,,
27.99,23.21,26.88,26.42,WOW,Woolworths,26.85,+43,44463,26.83,26.85,124.00,f,1.27,2.25,4.62,157.79,17.0,,
30.40,21.13,28.35,27.42,WOR,WorleyParsons,27.42,-91,17712,27.20,27.52,90.00,p,1.75,.77,3.28,157.70,17.4,,
5.67,3.32,4.07,3.85,WTF,Wotif.com Hldgs,3.99,-,19904,3.90,4.02,24.00,f,1.07,.03,6.02,25.76,15.5,,
,
