Warrants Market,,,,,,,,,,,,,,,,,,,,
,,,,,,,,,,,,,,,,,,,,
"XAO 4500.5 at 2011-07-29T16:36:37. Report at Friday, July 29, 2011. Processed Saturday at 2011-07-30T01:00:09+10:00.",,,,,,,,,,,,,,,,,,,,
,,,,,,,,,,,,,,,,,,,,
,,,,,,,,,,,,,,,,,,,,
,,,,,,,,,,,,,,,,,,,,
Equity Call Warrants,
ANZ Banking Grp Last Sale Price $20.83,
ANZVOA,21.50,25/08/11,4:1,.125,.13,.19,,,,
ANZVZC,22.00,25/08/11,4:1,.047,.047,.06,,,,
ANZVZD,23.00,25/08/11,4:1,.014,.04,,,,,
ANZVOB,23.50,25/08/11,4:1,.016,.021,.115,,,,
ANZWMB,24.00,25/08/11,4:1,.001,,.061,,,,
ANZVOC,25.50,25/08/11,4:1,.006,.011,,,,,
ANZVOD,22.00,29/09/11,4:1,.17,.175,.235,,,,
ANZVRA,22.00,29/09/11,4:1,.285,.285,,,,,
ANZVRB,23.00,29/09/11,4:1,.205,.205,,,,,
ANZWMC,23.00,29/09/11,4:1,.054,.077,.11,,,,
ANZVOE,24.00,29/09/11,4:1,.043,.048,,,,,
ANZWMD,25.00,29/09/11,4:1,.001,,,,,,
ANZVOF,26.00,29/09/11,4:1,.01,.015,,,,,
ANZWOA,21.00,27/10/11,4:1,.365,.37,.415,,,,
ANZWOB,23.00,27/10/11,4:1,.145,.15,.15,,66,,
ANZWOC,25.00,27/10/11,4:1,.042,.047,,,,,
,
Alumina Last Sale Price $2.18,
AWCWMA,2.25,29/09/11,1:1,.09,.115,,,,,
AWCWMC,2.50,29/09/11,1:1,.023,.046,,,,,
,
BHP Billiton Last Sale Price $41.42,
BHPWZE,43.00,25/08/11,4:1,.175,.175,.175,-9.5,700,,
BHPWMG,45.00,25/08/11,4:1,.046,.069,.057,,,,
BHPWZF,45.00,25/08/11,4:1,.064,.064,,,,,
BHPWOI,46.00,25/08/11,4:1,.045,.05,.06,-1,500,,
BHPWOJ,48.00,25/08/11,4:1,.023,.028,.067,,,,
BHPWOK,50.00,25/08/11,4:1,.012,.017,.115,,,,
BHPWOL,52.00,25/08/11,4:1,.011,.016,.048,,,,
BHPVOI,42.50,29/09/11,4:1,.44,.445,.525,,,,
BHPVOF,44.50,29/09/11,4:1,.24,.245,.39,,,,
BHPVRA,45.00,29/09/11,4:1,.415,.42,,,,,
BHPVRB,46.00,29/09/11,4:1,.35,.35,,,,,
BHPWMH,46.00,29/09/11,4:1,.11,.125,.115,-4,370,,
BHPVOG,46.50,29/09/11,4:1,.12,.125,.12,-4,250,,
BHPVOH,48.50,29/09/11,4:1,.056,.061,.083,,,,
BHPWMI,49.00,29/09/11,4:1,.017,.04,.031,-6.9,500,,
BHPWMJ,51.00,29/09/11,4:1,.001,,.032,,,,
BHPWMK,54.00,29/09/11,4:1,.001,,.13,,,,
BHPWOC,42.00,27/10/11,4:1,.615,.62,,,,,
BHPWOD,44.00,27/10/11,4:1,.40,.405,,,,,
BHPWOE,46.00,27/10/11,4:1,.245,.25,,,,,
BHPWOF,48.00,27/10/11,4:1,.14,.145,.145,,200,,
,
BlueScope Steel Last Sale Price $1.14,
BSLVZC,1.20,25/08/11,2:1,.026,.06,.04,,,,
BSLWOG,1.90,25/08/11,2:1,.004,.01,.021,,,,
BSLWOH,2.25,25/08/11,2:1,.01,.015,,,,,
BSLVRA,1.30,29/09/11,2:1,.027,.04,,,,,
,
C'wlth Bank of Aust Last Sale Price $49.27,
CBAVOA,50.00,25/08/11,5:1,.12,.125,.13,+.5,1080,,
CBAWZA,51.50,25/08/11,4:1,.058,.055,.13,,,,
CBAWZB,52.50,25/08/11,4:1,.033,.04,,,,,
CBAVOB,53.00,25/08/11,5:1,.016,.021,.027,,,,
CBAWMF,54.00,25/08/11,4:1,.001,,.12,,,,
CBAVOC,56.00,25/08/11,5:1,.008,.013,,,,,
CBAVOD,50.00,29/09/11,5:1,.26,.265,.27,-1,1570,,
CBAVRA,51.00,29/09/11,4:1,.58,.575,,,,,
CBAVRB,52.00,29/09/11,4:1,.50,.495,,,,,
CBAWMD,52.00,29/09/11,4:1,.135,.16,.175,,,,
CBAVOE,53.00,29/09/11,5:1,.11,.115,.125,,,,
CBAWMC,54.00,29/09/11,4:1,.047,.07,.067,+.7,200,,
CBAVOF,56.00,29/09/11,5:1,.037,.042,,,,,
CBAWOD,49.00,27/10/11,5:1,.50,.505,,,,,
CBAWOE,52.00,27/10/11,5:1,.265,.27,,,,,
CBAWOF,55.00,27/10/11,5:1,.12,.125,,,,,
,
Fortescue Metals Grp Last Sale Price $6.31,
FMGVZI,6.25,25/08/11,2:1,.155,.155,,,,,
FMGVZJ,6.50,25/08/11,2:1,.098,.095,.13,,,,
FMGWMF,6.50,25/08/11,1:1,.18,.205,,,,,
FMGWOE,6.50,25/08/11,3:1,.085,.09,,,,,
FMGVZK,6.75,25/08/11,2:1,.058,.056,,,,,
FMGWOF,7.50,25/08/11,3:1,.016,.021,.059,,,,
FMGVOC,6.00,29/09/11,3:1,.22,.225,,,,,
FMGVRA,6.75,29/09/11,2:1,.15,.155,,,,,
FMGWMC,6.75,29/09/11,1:1,.20,.225,.445,,,,
FMGVOD,7.00,29/09/11,3:1,.07,.075,.16,,,,
FMGVRB,7.00,29/09/11,2:1,.115,.115,,,,,
FMGWMD,7.00,29/09/11,1:1,.125,.15,,,,,
FMGVRC,7.25,29/09/11,2:1,.087,.086,,,,,
FMGWOA,6.00,27/10/11,3:1,.255,.26,,,,,
FMGWOB,7.50,27/10/11,3:1,.056,.061,,,,,
,
Incitec Pivot Last Sale Price $3.95,
IPLWMA,4.00,29/09/11,1:1,.21,.235,,,,,
IPLWMD,4.25,29/09/11,1:1,.11,.135,.20,,,,
,
Macquarie Grp Last Sale Price $27.57,
MQGVZG,32.00,25/08/11,4:1,.001,.04,.048,,,,
MQGVZH,33.00,25/08/11,4:1,.008,.04,,,,,
MQGVOA,33.50,25/08/11,4:1,.015,.02,.019,-5.2,1250,,
MQGVOB,36.50,25/08/11,4:1,.006,.011,,,,,
MQGVOC,39.50,25/08/11,4:1,.005,.01,.074,,,,
MQGVRA,30.00,29/09/11,4:1,.29,.305,,,,,
MQGVRB,31.00,29/09/11,4:1,.22,.235,,,,,
MQGVOD,33.50,29/09/11,4:1,.073,.078,.08,-1.2,720,,
MQGVOE,36.50,29/09/11,4:1,.021,.026,.27,,,,
MQGVOF,39.50,29/09/11,4:1,.008,.013,,,,,
MQGWOD,28.50,27/10/11,4:1,.515,.52,,,,,
MQGWOE,31.50,27/10/11,4:1,.245,.25,.255,,200,,
MQGWOH,34.50,27/10/11,4:1,.10,.105,,,,,
,
National Aust Bank Last Sale Price $24.00,
NABVOA,26.00,25/08/11,4:1,.043,.048,.205,,,,
NABWMF,26.00,25/08/11,4:1,.018,.041,.14,,,,
NABWZC,26.00,25/08/11,4:1,.029,.04,.062,,,,
NABWZD,27.00,25/08/11,4:1,.012,.04,,,,,
NABVOB,28.00,25/08/11,4:1,.007,.012,.063,,,,
NABVOC,30.00,25/08/11,4:1,.006,.011,,,,,
NABVRA,25.00,29/09/11,4:1,.355,.36,,,,,
NABVOD,26.00,29/09/11,4:1,.13,.135,.15,,,,
NABVRB,26.00,29/09/11,4:1,.27,.275,,,,,
NABWMG,27.00,29/09/11,4:1,.04,.063,.086,,,,
NABVOE,28.00,29/09/11,4:1,.034,.039,,,,,
NABWMD,29.00,29/09/11,4:1,.001,,,,,,
NABVOF,30.00,29/09/11,4:1,.008,.013,.019,,,,
NABWOD,24.50,27/10/11,4:1,.355,.36,,,,,
NABWOE,26.50,27/10/11,4:1,.16,.165,,,,,
NABWOF,28.50,27/10/11,4:1,.057,.062,,,,,
NABWSA,0.00,25/03/20,1:1,24.00,,26.20,,,,
,
Newcrest Min Last Sale Price $39.55,
NCMWZG,38.00,25/08/11,4:1,.615,.62,,,,,
NCMWOE,39.00,25/08/11,4:1,.485,.49,.59,,,,
NCMWZH,39.00,25/08/11,4:1,.465,.47,,,,,
NCMWZI,41.00,25/08/11,4:1,.21,.215,.40,,,,
NCMWOF,42.00,25/08/11,4:1,.17,.175,.395,,,,
NCMWME,43.00,25/08/11,4:1,.059,.082,.235,,,,
NCMWOG,45.00,25/08/11,4:1,.048,.053,.13,,,,
NCMVOD,37.00,29/09/11,4:1,.98,.985,1.20,,,,
NCMVOE,40.00,29/09/11,4:1,.56,.565,,,,,
NCMVRA,42.00,29/09/11,4:1,.50,.505,,,,,
NCMWMD,42.00,29/09/11,4:1,.235,.26,,,,,
NCMVOF,43.00,29/09/11,4:1,.275,.28,.365,,,,
NCMVRB,43.00,29/09/11,4:1,.42,.425,,,,,
NCMWMF,44.00,29/09/11,4:1,.135,.16,,,,,
NCMVRC,45.00,29/09/11,4:1,.29,.295,,,,,
NCMWOA,38.50,27/10/11,4:1,.855,.86,,,,,
NCMWOB,41.50,27/10/11,4:1,.505,.51,,,,,
NCMWOH,44.50,27/10/11,4:1,.28,.285,,,,,
,
News Corp Last Sale Price $14.94,
NWSVZF,16.50,25/08/11,4:1,.039,.047,.10,,,,
NWSVZG,17.50,25/08/11,4:1,.001,.04,.092,,,,
NWSVRA,16.00,29/09/11,4:1,.17,.18,,,,,
NWSVRB,17.00,29/09/11,4:1,.105,.11,,,,,
NWSWMA,17.00,29/09/11,1:1,.315,.34,.49,,,,
NWSWMB,19.00,29/09/11,1:1,.074,.097,.085,,,,
,
OZ Minerals Last Sale Price $13.63,
OZLWOG,15.00,25/08/11,2:1,.125,.13,,,,,
OZLWOH,17.00,25/08/11,2:1,.024,.029,,,,,
,
Qantas Airways Last Sale Price $1.85,
QANWZA,1.90,25/08/11,2:1,.03,.04,,,,,
QANVRA,2.00,29/09/11,2:1,.042,.042,,,,,
QANWMB,2.00,29/09/11,1:1,.054,.077,,,,,
QANWMA,2.25,29/09/11,1:1,.005,,,,,,
,
QBE Insurance Grp Last Sale Price $16.40,
QBEVOA,17.00,25/08/11,4:1,.145,.15,.28,,,,
QBEVOB,19.50,25/08/11,4:1,.021,.026,,,,,
QBEVOD,17.00,29/09/11,4:1,.10,.12,.14,,,,
QBEVOE,19.50,29/09/11,4:1,.014,.019,.075,,,,
QBEWOE,16.50,27/10/11,4:1,.215,.22,,,,,
QBEWOF,18.50,27/10/11,4:1,.064,.069,,,,,
,
Rio Tinto Last Sale Price $80.00,
RIOWZG,80.00,25/08/11,6:1,.37,.375,,,,,
RIOWOF,81.00,25/08/11,6:1,.385,.39,.41,-26,200,,
RIOWZH,82.00,25/08/11,6:1,.235,.24,,,,,
RIOWMB,84.00,25/08/11,4:1,.19,.215,,,,,
RIOWZI,85.00,25/08/11,6:1,.105,.11,,,,,
RIOWOH,86.00,25/08/11,6:1,.11,.115,.17,,,,
RIOWOI,91.00,25/08/11,6:1,.025,.03,.195,,,,
RIOVOD,77.00,29/09/11,6:1,1.025,1.03,1.085,-32.5,180,,
RIOVOE,82.00,29/09/11,6:1,.56,.565,,,,,
RIOWMH,82.00,29/09/11,4:1,.725,.75,.88,,,,
RIOVRA,84.00,29/09/11,6:1,.715,.72,,,,,
RIOWMI,84.00,29/09/11,4:1,.52,.545,,,,,
RIOVRB,85.00,29/09/11,6:1,.655,.66,,,,,
RIOWMJ,86.00,29/09/11,4:1,.365,.39,.68,,,,
RIOVOF,87.00,29/09/11,6:1,.255,.26,,,,,
RIOVRC,87.00,29/09/11,6:1,.55,.555,,,,,
RIOWOA,80.00,27/10/11,6:1,.92,.925,,,,,
RIOWOB,85.00,27/10/11,6:1,.54,.545,,,,,
RIOWOG,90.00,27/10/11,6:1,.28,.285,,,,,
,
Santos Last Sale Price $12.88,
STOWOE,15.00,25/08/11,4:1,.009,.014,.02,,,,
STOWOF,16.50,25/08/11,4:1,.011,.016,,,,,
,
Telstra Corp Last Sale Price $2.99,
TLSVOA,3.00,25/08/11,2:1,.024,.029,,,,,
TLSWMF,3.00,25/08/11,1:1,.02,.043,.052,,,,
TLSVOB,3.25,25/08/11,2:1,.008,.013,,,,,
TLSVOC,3.00,29/09/11,2:1,.045,.05,.054,,,,
TLSWMC,3.00,29/09/11,1:1,.059,.082,.105,,,,
TLSVOD,3.25,29/09/11,2:1,.017,.022,,,,,
TLSWMD,3.25,29/09/11,1:1,.009,.026,.024,-.8,250,,
TLSWOC,3.00,27/10/11,2:1,.058,.063,,,,,
TLSWOD,3.25,27/10/11,2:1,.027,.032,,,,,
,
Westpac Banking Last Sale Price $20.42,
WBCVOA,21.50,25/08/11,4:1,.084,.089,.165,,,,
WBCWZE,22.00,25/08/11,4:1,.036,.04,.048,,,,
WBCWMB,23.00,25/08/11,4:1,.001,,.05,,,,
WBCVOB,23.50,25/08/11,4:1,.01,.015,,,,,
WBCWZF,24.00,25/08/11,4:1,.002,.04,,,,,
WBCVOC,25.50,25/08/11,4:1,.006,.011,.03,,,,
WBCVOD,22.00,29/09/11,4:1,.13,.135,.155,,,,
WBCVRA,22.00,29/09/11,4:1,.24,.24,,,,,
WBCVRB,23.00,29/09/11,4:1,.17,.17,,,,,
WBCVOE,24.00,29/09/11,4:1,.03,.035,.125,,,,
WBCWMF,24.00,29/09/11,4:1,.008,,.048,,,,
WBCVOF,26.00,29/09/11,4:1,.009,.014,,,,,
WBCWMG,26.00,29/09/11,4:1,.001,,,,,,
WBCWOD,21.00,27/10/11,4:1,.30,.305,,,,,
WBCWOE,23.00,27/10/11,4:1,.11,.115,.13,,,,
WBCWOF,25.00,27/10/11,4:1,.03,.035,,,,,
,
Wesfarmers Last Sale Price $29.32,
WESVOA,32.00,29/09/11,4:1,.105,.11,.105,-.5,1000,,
WESVOB,35.00,29/09/11,4:1,.022,.027,.028,,,,
WESWOA,30.00,27/10/11,4:1,.34,.345,,,,,
WESWOC,33.00,27/10/11,4:1,.12,.125,,,,,
,
Woolworths Last Sale Price $26.94,
WOWVOA,27.00,29/09/11,4:1,.19,.195,,,,,
WOWWMA,28.00,29/09/11,4:1,.061,.084,,,,,
WOWVOB,29.00,29/09/11,4:1,.05,.055,,,,,
WOWWMC,30.00,29/09/11,4:1,.001,,,,,,
WOWWOG,27.00,27/10/11,4:1,.25,.255,,,,,
WOWWOH,29.00,27/10/11,4:1,.087,.092,,,,,
,
Woodside Petroleum Last Sale Price $38.35,
WPLWZG,42.00,25/08/11,4:1,.044,.055,.057,-2.1,550,,
WPLWZH,44.00,25/08/11,4:1,.039,.04,,,,,
WPLWOF,45.00,25/08/11,5:1,.075,.08,.19,,,,
WPLWZI,46.00,25/08/11,4:1,.014,.04,,,,,
WPLWMB,47.00,25/08/11,4:1,.001,,.033,,,,
WPLWOG,48.00,25/08/11,5:1,.046,.051,,,,,
WPLWOH,51.00,25/08/11,5:1,.024,.029,,,,,
WPLVRA,41.00,29/09/11,4:1,.43,.435,,,,,
WPLVRB,42.00,29/09/11,4:1,.355,.36,,,,,
WPLVRC,44.00,29/09/11,4:1,.24,.245,,,,,
WPLVOD,44.50,29/09/11,5:1,.067,.072,.125,,,,
WPLWMF,45.00,29/09/11,4:1,.069,.094,,,,,
WPLVOE,47.00,29/09/11,5:1,.045,.05,,,,,
WPLWMC,47.00,29/09/11,4:1,.037,.06,.062,,,,
WPLVOF,50.00,29/09/11,5:1,.028,.033,,,,,
WPLWOA,39.00,27/10/11,5:1,.46,.465,.46,,50,,
WPLWOB,41.00,27/10/11,5:1,.31,.315,,,,,
WPLWOL,43.00,27/10/11,5:1,.205,.21,,,,,
,
Equity Put Warrants,
ANZ Banking Grp Last Sale Price $20.83,
ANZVOT,18.50,25/08/11,4:1,.039,.044,.062,,,,
ANZVZQ,19.50,25/08/11,4:1,.043,.053,.05,,400,,
ANZWMQ,20.00,25/08/11,4:1,.087,.11,,,,,
ANZVOS,20.50,25/08/11,4:1,.14,.145,.14,,,,
ANZVZP,20.50,25/08/11,4:1,.12,.13,,,,,
ANZVOR,22.50,25/08/11,4:1,.43,.435,.35,,,,
ANZVOW,19.00,29/09/11,4:1,.115,.12,.12,,,,
ANZVRQ,20.00,29/09/11,4:1,.255,.265,,,,,
ANZWMR,20.00,29/09/11,4:1,.15,.175,.16,-24,112,,
ANZVOV,21.00,29/09/11,4:1,.275,.28,.225,,,,
ANZVRP,21.00,29/09/11,4:1,.375,.385,,,,,
ANZVOU,23.00,29/09/11,4:1,.57,.575,.575,+2,64,,
ANZWOU,18.00,27/10/11,4:1,.115,.12,,,,,
ANZWOT,20.00,27/10/11,4:1,.23,.235,,,,,
ANZWOS,22.00,27/10/11,4:1,.45,.455,,,,,
,
Alumina Last Sale Price $2.18,
AWCWMP,2.25,29/09/11,1:1,.19,.215,,,,,
,
BHP Billiton Last Sale Price $41.42,
BHPWZT,39.50,25/08/11,4:1,.145,.155,,,,,
BHPWZS,41.00,25/08/11,4:1,.28,.29,.17,,,,
BHPVOT,42.50,25/08/11,4:1,.51,.515,.51,+7.5,45,,
BHPWMT,43.00,25/08/11,4:1,.54,.565,.30,,,,
BHPWOY,44.50,25/08/11,4:1,.84,.845,.595,,,,
BHPWOX,46.50,25/08/11,4:1,1.26,1.265,,,,,
BHPWOW,48.50,25/08/11,4:1,1.73,1.735,1.405,,,,
BHPWOU,38.50,29/09/11,4:1,.31,.315,.235,,,,
BHPWOT,40.50,29/09/11,4:1,.48,.485,.49,+7,40,,
BHPVRQ,41.00,29/09/11,4:1,.72,.73,,,,,
BHPVRP,42.00,29/09/11,4:1,.855,.87,,,,,
BHPVOZ,42.50,29/09/11,4:1,.715,.72,.535,,,,
BHPVOY,44.50,29/09/11,4:1,1.025,1.03,,,,,
BHPWMU,45.00,29/09/11,4:1,.985,1.115,.995,+1,228,,
BHPVOR,38.00,27/10/11,4:1,.365,.37,,,,,
BHPVOQ,40.00,27/10/11,4:1,.525,.53,,,,,
BHPVOP,42.00,27/10/11,4:1,.745,.75,,,,,
BHPWOZ,44.00,27/10/11,4:1,1.025,1.03,,,,,
,
BlueScope Steel Last Sale Price $1.14,
BSLWZR,1.10,25/08/11,2:1,.024,.04,,,,,
BSLWOW,1.80,25/08/11,2:1,.335,.34,,,,,
BSLWOV,2.00,25/08/11,2:1,.435,.44,,,,,
BSLVRP,1.10,29/09/11,2:1,.046,.049,,,,,
,
C'wlth Bank of Aust Last Sale Price $49.27,
CBAVOU,45.00,25/08/11,5:1,.15,.155,.145,,,,
CBAVZX,47.00,25/08/11,4:1,.285,.30,,,,,
CBAVOT,48.00,25/08/11,5:1,.355,.36,.37,+11.5,1000,,
CBAVZW,49.00,25/08/11,4:1,.555,.58,,,,,
CBAVOS,51.00,25/08/11,5:1,.74,.745,.74,,,,
CBAWMT,51.00,25/08/11,4:1,.90,.925,.84,,,,
CBAVOX,46.00,29/09/11,5:1,.31,.315,.31,+4.5,50,,
CBAVRQ,48.00,29/09/11,4:1,.895,.915,,,,,
CBAVOW,49.00,29/09/11,5:1,.565,.57,.565,-.5,60,,
CBAVRP,49.00,29/09/11,4:1,1.035,1.055,,,,,
CBAWMR,51.00,29/09/11,4:1,.985,1.01,.91,,,,
CBAVOV,52.00,29/09/11,5:1,.96,.965,,,,,
CBAWOU,45.00,27/10/11,5:1,.35,.355,.345,,,,
CBAWOT,48.00,27/10/11,5:1,.57,.575,,,,,
CBAWOS,51.00,27/10/11,5:1,.89,.895,,,,,
,
Fortescue Metals Grp Last Sale Price $6.31,
FMGVZY,5.50,25/08/11,2:1,.024,.04,,,,,
FMGWOU,5.50,25/08/11,3:1,.026,.031,.11,,,,
FMGVZX,5.75,25/08/11,2:1,.042,.045,,,,,
FMGVZW,6.00,25/08/11,2:1,.062,.067,,,,,
FMGWMQ,6.00,25/08/11,1:1,.15,.175,.076,,,,
FMGWOT,6.50,25/08/11,3:1,.14,.145,.16,,,,
FMGVOS,5.50,29/09/11,3:1,.053,.058,.058,+.8,300,,
FMGVRR,6.00,29/09/11,2:1,.145,.155,,,,,
FMGVRQ,6.25,29/09/11,2:1,.20,.215,,,,,
FMGWMR,6.25,29/09/11,1:1,.36,.385,,,,,
FMGVOR,6.50,29/09/11,3:1,.18,.185,.195,,,,
FMGVRP,6.50,29/09/11,2:1,.27,.28,,,,,
FMGWOQ,5.50,27/10/11,3:1,.075,.08,,,,,
FMGWOP,7.00,27/10/11,3:1,.305,.31,,,,,
,
Incitec Pivot Last Sale Price $3.95,
IPLWMP,3.50,29/09/11,1:1,.066,.089,,,,,
,
Macquarie Grp Last Sale Price $27.57,
MQGVOT,28.50,25/08/11,4:1,.465,.47,.46,-1,20,,
MQGWZT,29.00,25/08/11,4:1,.49,.48,.24,,,,
MQGWZS,30.00,25/08/11,4:1,.675,.67,,,,,
MQGVOS,31.50,25/08/11,4:1,1.03,1.035,1.00,+13,15,,
MQGVOR,34.50,25/08/11,4:1,1.735,1.74,1.055,,,,
MQGVRQ,27.00,29/09/11,4:1,.415,.41,.42,,2500,,
MQGVRP,28.00,29/09/11,4:1,.54,.54,,,,,
MQGVOW,29.50,29/09/11,4:1,.74,.745,.435,,,,
MQGVOV,32.50,29/09/11,4:1,1.295,1.30,.795,,,,
MQGVOU,35.50,29/09/11,4:1,1.965,1.97,,,,,
MQGWOY,25.50,27/10/11,4:1,.37,.375,,,,,
MQGWOZ,28.50,27/10/11,4:1,.685,.69,,,,,
MQGWOW,31.50,27/10/11,4:1,1.15,1.155,,,,,
,
National Aust Bank Last Sale Price $24.00,
NABVZY,23.00,25/08/11,4:1,.089,.091,,,,,
NABVOV,23.50,25/08/11,4:1,.15,.155,,,,,
NABVZX,24.00,25/08/11,4:1,.185,.195,,,,,
NABWMU,25.00,25/08/11,4:1,.345,.37,.20,,,,
NABVOU,25.50,25/08/11,4:1,.42,.425,.275,,,,
NABVOT,27.50,25/08/11,4:1,.86,.865,.715,,,,
NABVRQ,23.00,29/09/11,4:1,.295,.30,,,,,
NABVOY,23.50,29/09/11,4:1,.245,.25,.29,,,,
NABVRP,24.00,29/09/11,4:1,.415,.42,,,,,
NABWMR,24.00,29/09/11,4:1,.28,.305,.26,,,,
NABVOX,25.50,29/09/11,4:1,.49,.495,,,,,
NABVOW,27.50,29/09/11,4:1,.865,.87,.86,+24.5,640,,
NABWOU,22.00,27/10/11,4:1,.18,.185,.185,,120,,
NABWOT,24.00,27/10/11,4:1,.345,.35,,,,,
NABWOS,26.00,27/10/11,4:1,.615,.62,,,,,
,
Newcrest Min Last Sale Price $39.55,
NCMWZR,33.00,25/08/11,4:1,.012,.04,,,,,
NCMWZQ,35.00,25/08/11,4:1,.048,.05,,,,,
NCMWOV,36.00,25/08/11,4:1,.10,.105,.081,,,,
NCMWZP,36.00,25/08/11,4:1,.084,.087,,,,,
NCMWOU,39.00,25/08/11,4:1,.315,.32,.285,+2,150,,
NCMWMS,40.00,25/08/11,4:1,.34,.365,,,,,
NCMWOT,42.00,25/08/11,4:1,.74,.745,.75,+15,400,,
NCMVOV,33.00,29/09/11,4:1,.073,.078,,,,,
NCMVOU,36.00,29/09/11,4:1,.21,.215,,,,,
NCMVRR,38.00,29/09/11,4:1,.515,.525,,,,,
NCMWMR,38.00,29/09/11,4:1,.28,.305,,,,,
NCMVOT,39.00,29/09/11,4:1,.48,.485,,,,,
NCMVRQ,39.00,29/09/11,4:1,.635,.64,,,,,
NCMVRP,40.00,29/09/11,4:1,.765,.77,,,,,
NCMWOW,35.50,27/10/11,4:1,.255,.26,,,,,
NCMWOQ,38.50,27/10/11,4:1,.515,.52,,,,,
NCMWOP,41.50,27/10/11,4:1,.91,.915,,,,,
,
News Corp Last Sale Price $14.94,
NWSVZV,15.00,25/08/11,4:1,.12,.155,.14,,,,
NWSVZU,15.50,25/08/11,4:1,.21,.225,.18,,,,
NWSVRQ,14.00,29/09/11,4:1,.16,.165,,,,,
NWSVRP,15.00,29/09/11,4:1,.275,.28,,,,,
NWSWMP,15.00,29/09/11,1:1,.995,1.02,.70,,,,
,
OZ Minerals Last Sale Price $13.63,
OZLWOW,13.00,25/08/11,2:1,.175,.18,,,,,
OZLWOV,15.00,25/08/11,2:1,.77,.775,,,,,
,
Qantas Airways Last Sale Price $1.85,
QANWZU,1.70,25/08/11,2:1,.01,.04,,,,,
QANVRP,1.75,29/09/11,2:1,.04,.043,,,,,
QANWMP,2.00,29/09/11,1:1,.205,.23,.215,,,,
,
QBE Insurance Grp Last Sale Price $16.40,
QBEVOQ,15.50,25/08/11,4:1,.135,.14,,,,,
QBEVOP,18.00,25/08/11,4:1,.565,.57,,,,,
QBEVOS,16.00,29/09/11,4:1,.25,.255,.155,,,,
QBEVOR,18.50,29/09/11,4:1,.685,.69,,,,,
QBEWOV,15.50,27/10/11,4:1,.23,.235,,,,,
QBEWOU,17.50,27/10/11,4:1,.51,.515,,,,,
,
Rio Tinto Last Sale Price $80.00,
RIOWZU,72.00,25/08/11,6:1,.064,.066,.065,,200,,
RIOWOX,75.00,25/08/11,6:1,.21,.215,.59,,,,
RIOWZT,75.00,25/08/11,6:1,.155,.16,,,,,
RIOWZS,77.00,25/08/11,6:1,.255,.265,,,,,
RIOWMT,78.00,25/08/11,4:1,.475,.50,,,,,
RIOWOW,80.00,25/08/11,6:1,.505,.51,.405,,,,
RIOWOV,85.00,25/08/11,6:1,1.015,1.02,,,,,
RIOVOV,71.00,29/09/11,6:1,.245,.25,,,,,
RIOVOU,76.00,29/09/11,6:1,.45,.455,.41,,,,
RIOVRR,78.00,29/09/11,6:1,.795,.805,,,,,
RIOWMR,78.00,29/09/11,4:1,.755,.78,.53,,,,
RIOVRQ,80.00,29/09/11,6:1,.965,.97,,,,,
RIOVOT,81.00,29/09/11,6:1,.78,.785,.745,+.5,120,,
RIOVRP,81.00,29/09/11,6:1,1.055,1.06,,,,,
RIOWOR,74.00,27/10/11,6:1,.47,.475,,,,,
RIOWOQ,79.00,27/10/11,6:1,.77,.775,,,,,
RIOWOP,84.00,27/10/11,6:1,1.19,1.195,,,,,
,
Santos Last Sale Price $12.88,
STOWOT,14.00,25/08/11,4:1,.345,.35,,,,,
STOWOS,15.50,25/08/11,4:1,.69,.695,,,,,
,
Telstra Corp Last Sale Price $2.99,
TLSVOQ,2.80,25/08/11,2:1,.033,.038,,,,,
TLSWMS,2.95,25/08/11,1:1,.125,.15,,,,,
TLSVOP,3.00,25/08/11,2:1,.088,.093,,,,,
TLSVOS,2.80,29/09/11,2:1,.05,.055,,,,,
TLSWMT,2.90,29/09/11,1:1,.125,.15,,,,,
TLSVOR,3.00,29/09/11,2:1,.10,.105,,,,,
TLSWOT,2.80,27/10/11,2:1,.059,.064,,,,,
TLSWOS,3.00,27/10/11,2:1,.11,.115,,,,,
,
Westpac Banking Last Sale Price $20.42,
WBCVOU,18.50,25/08/11,4:1,.06,.065,,,,,
WBCVZX,19.50,25/08/11,4:1,.078,.081,,,,,
WBCWMT,20.00,25/08/11,4:1,.115,.14,.485,,,,
WBCVOT,20.50,25/08/11,4:1,.19,.195,,,,,
WBCVZW,20.50,25/08/11,4:1,.175,.185,,,,,
WBCVOS,22.50,25/08/11,4:1,.52,.525,,,,,
WBCVOX,19.00,29/09/11,4:1,.15,.155,.16,,,,
WBCVRQ,20.00,29/09/11,4:1,.295,.305,,,,,
WBCWMR,20.00,29/09/11,4:1,.185,.21,.115,,,,
WBCVOW,21.00,29/09/11,4:1,.325,.33,.34,,,,
WBCVRP,21.00,29/09/11,4:1,.425,.435,,,,,
WBCVOV,23.00,29/09/11,4:1,.655,.66,,,,,
WBCWOU,18.00,27/10/11,4:1,.13,.135,,,,,
WBCWOT,20.00,27/10/11,4:1,.265,.27,,,,,
WBCWOS,22.00,27/10/11,4:1,.51,.515,,,,,
,
Wesfarmers Last Sale Price $29.32,
WESVOQ,30.00,29/09/11,4:1,.545,.55,.40,,,,
WESVOP,33.00,29/09/11,4:1,1.095,1.10,,,,,
WESWOS,28.00,27/10/11,4:1,.345,.35,,,,,
WESWOP,31.00,27/10/11,4:1,.745,.75,,,,,
,
Woolworths Last Sale Price $26.94,
WOWVOQ,25.50,29/09/11,4:1,.16,.165,,,,,
WOWWMP,26.00,29/09/11,4:1,.16,.185,,,,,
WOWVOP,27.50,29/09/11,4:1,.405,.41,,,,,
WOWWOW,26.00,27/10/11,4:1,.245,.25,,,,,
WOWWOV,28.00,27/10/11,4:1,.515,.52,,,,,
,
Woodside Petroleum Last Sale Price $38.35,
WPLWMS,38.00,25/08/11,4:1,.31,.335,,,,,
WPLWZQ,38.00,25/08/11,4:1,.385,.40,.355,,,,
WPLWZP,39.50,25/08/11,4:1,.605,.62,,,,,
WPLWOU,41.00,25/08/11,5:1,.695,.70,.60,,,,
WPLWOV,44.00,25/08/11,5:1,1.23,1.235,.60,,,,
WPLWOR,47.00,25/08/11,5:1,1.81,1.815,.865,,,,
WPLVRR,36.00,29/09/11,4:1,.44,.45,,,,,
WPLVRQ,38.00,29/09/11,4:1,.67,.685,,,,,
WPLWMR,38.00,29/09/11,4:1,.46,.485,,,,,
WPLVRP,39.00,29/09/11,4:1,.81,.82,,,,,
WPLVOV,41.50,29/09/11,5:1,.845,.85,.71,,,,
WPLVOU,44.50,29/09/11,5:1,1.34,1.345,,,,,
WPLVOT,46.50,29/09/11,5:1,1.70,1.705,,,,,
WPLWOZ,36.00,27/10/11,5:1,.31,.315,,,,,
WPLWOY,38.00,27/10/11,5:1,.48,.485,.42,,,,
WPLWOX,40.00,27/10/11,5:1,.705,.71,,,,,
,
Basket Put Warrants,
Equity Endowment Warrants,
ANZ Banking Grp Last Sale Price $20.83,
ANZEEA,4.48,15/02/12,1:1,16.36,,16.45,,,,
,
C'wlth Bank of Aust Last Sale Price $49.27,
CBAEEA,7.90,15/02/12,1:1,41.24,44.40,41.30,,,,
,
National Aust Bank Last Sale Price $24.00,
NABEEA,18.24,15/02/12,1:1,5.56,7.60,5.75,,,,
,
Telecom Corp of NZ Last Sale Price $2.07,
TELEEA,1.45,15/02/12,1:1,.58,,.135,,,,
,
Telstra Corp Last Sale Price $2.99,
TLSEEA,2.00,02/10/12,1:1,.96,,.87,,,,
,
Westpac Banking Last Sale Price $20.42,
WBCEEA,2.67,15/02/12,1:1,17.73,,18.08,,,,
,
Equity Installment Warrants,
APN European Ret Last Sale Price $0.01,
AEZSZC,0.87,30/06/17,1:1,.071,,.083,,,,
,
Aust Foundation Last Sale Price $4.48,
AFISMW,3.45,29/06/12,1:1,1.295,,1.25,,,,
AFISZB,2.52,30/06/16,1:1,2.20,,2.41,,,,
,
AGL Energy Last Sale Price $14.19,
AGKIZQ,8.10,02/12/11,1:1,6.26,6.30,6.45,,,,
AGKIOO,8.00,15/12/11,1:1,6.44,6.45,6.38,,,,
AGKSSR,7.85,29/06/12,1:1,6.99,7.01,7.21,,,,
AGKSMW,10.86,29/06/12,1:1,4.11,,6.58,,,,
AGKIZR,8.00,03/12/12,1:1,7.00,7.04,,,,,
AGKIZZ,8.00,03/12/12,1:1,7.00,7.04,7.31,,,,
AGKSMA,7.30,28/06/13,1:1,7.40,,6.87,,,,
AGKSOC,7.41,26/06/14,1:1,7.57,7.58,8.84,,,,
AGKSMC,8.25,30/06/15,1:1,7.71,,8.85,,,,
AGKSZB,3.02,30/06/16,1:1,11.34,,11.55,,,,
AGKSWG,7.50,30/06/16,1:1,7.97,8.00,,,,,
AGKSZC,7.87,30/06/17,1:1,7.05,,8.05,,,,
AGKSMY,11.62,30/06/17,1:1,3.40,,5.68,,,,
AGKSZU,7.30,04/02/19,1:1,6.85,6.89,,,,,
AGKSZX,8.44,04/02/19,1:1,5.71,5.75,5.96,,,,
,
Asciano Last Sale Price $1.67,
AIOIOO,1.00,15/12/11,1:1,.73,.74,.725,,,,
AIOSOA,7.24,28/06/12,1:1,.12,.13,.15,,,,
AIOSMW,5.77,29/06/12,1:1,.39,,.032,,,,
AIOSOB,2.58,27/06/13,1:1,.52,.53,.56,,,,
AIOSMA,3.92,28/06/13,1:1,.26,,.21,,,,
AIOSSA,6.22,30/06/14,1:1,.42,,.495,,,,
AIOSSB,3.48,30/06/15,1:1,.555,,.98,,,,
AIOSZC,8.99,30/06/17,1:1,1.26,,.965,,,,
AIOSZW,0.61,28/12/17,1:1,1.055,1.065,,,,,
AIOSZX,0.82,04/02/19,1:1,.84,.85,.92,,,,
,
Aristocrat Leisure Last Sale Price $2.44,
ALLIOO,3.00,15/12/11,1:1,.225,.235,1.46,,,,
ALLSOA,9.50,28/06/12,1:1,.31,.32,.50,,,,
ALLSMW,12.76,29/06/12,1:1,.87,,.89,,,,
ALLSMA,6.67,28/06/13,1:1,.45,,,,,,
ALLSSA,9.77,30/06/14,1:1,.675,,1.085,,,,
ALLSZC,10.58,30/06/17,1:1,1.365,,1.445,,,,
ALLSMY,14.28,30/06/17,1:1,.975,,.93,,,,
,
Amcor Last Sale Price $7.04,
AMCIOO,3.25,15/12/11,1:1,3.90,3.91,4.23,,,,
AMCSOA,4.11,28/06/12,1:1,3.25,3.26,.015,,,,
AMCIZZ,4.00,03/12/12,1:1,3.49,3.51,,,,,
AMCSZA,2.41,30/06/15,1:1,4.77,,2.64,,,,
AMCSOE,3.50,23/06/16,1:1,4.14,4.15,,,,,
AMCSZX,3.31,04/02/19,1:1,3.71,3.73,3.77,,,,
,
AMP Last Sale Price $4.56,
AMPIZQ,3.20,02/12/11,1:1,1.455,1.46,1.52,,,,
AMPIOO,4.50,15/12/11,1:1,.70,.71,.955,,,,
AMPIOI,5.00,15/12/11,1:1,.445,.455,.58,,,,
AMPJZ2,3.33,22/12/11,1:1,1.225,1.23,1.48,,,,
AMPIOR,4.50,24/01/12,1:1,.74,.75,,,,,
AMPIOU,3.50,29/03/12,1:1,1.47,1.48,1.685,,,,
AMPIOL,5.00,25/05/12,1:1,.84,.85,.975,,,,
AMPIOE,3.00,28/06/12,1:1,1.99,2.00,,,,,
AMPIOF,3.75,28/06/12,1:1,1.49,1.50,,,,,
AMPISM,5.22,28/06/12,1:1,.95,1.07,,,,,
AMPSOA,6.41,28/06/12,1:1,.325,.335,.365,,,,
AMPSSR,2.50,29/06/12,1:1,2.27,2.28,2.95,,,,
AMPSST,3.54,29/06/12,1:1,1.445,1.455,,,,,
AMPSMW,6.29,29/06/12,1:1,.415,,.44,,,,
AMPIZR,3.00,03/12/12,1:1,2.00,2.01,,,,,
AMPIZZ,3.00,03/12/12,1:1,2.00,2.01,2.15,,,,
AMPSOB,2.69,27/06/13,1:1,2.21,2.22,2.52,,,,
AMPSMA,5.37,28/06/13,1:1,.35,,.37,,,,
AMPSOC,2.35,26/06/14,1:1,2.68,2.69,3.09,,,,
AMPSSA,6.25,30/06/14,1:1,.74,,1.005,,,,
AMPSOD,3.64,26/06/15,1:1,2.04,2.05,2.84,,,,
AMPSZA,0.91,30/06/15,1:1,3.71,,4.56,,,,
AMPSMC,3.58,30/06/15,1:1,1.99,,2.73,,,,
AMPSSB,4.88,30/06/15,1:1,1.105,,2.89,,,,
AMPSOE,2.00,23/06/16,1:1,2.90,2.91,,,,,
AMPSOF,2.50,23/06/16,1:1,2.61,2.62,,,,,
AMPSWB,2.00,30/06/16,1:1,2.77,,2.89,,,,
AMPSWG,2.75,30/06/16,1:1,2.54,2.55,2.78,,,,
AMPSZB,4.11,30/06/16,1:1,1.27,,1.68,,,,
AMPSMX,4.16,30/06/16,1:1,.89,,1.575,,,,
AMPSWC,4.54,30/06/16,1:1,.73,,.74,-17,8,,
AMPSWD,8.36,30/06/16,1:1,.255,,.29,,,,
AMPSMY,7.05,30/06/17,1:1,.465,,.48,,,,
AMPSZD,3.73,28/06/18,1:1,1.375,,3.67,,,,
AMPSMB,5.37,29/06/18,1:1,.585,,.67,,,,
AMPSZX,2.35,04/02/19,1:1,2.20,2.21,2.53,,,,
AMPSZW,3.22,04/02/19,1:1,1.34,1.34,1.68,,,,
,
ANZ Banking Grp Last Sale Price $20.83,
ANZION,22.00,29/09/11,1:1,.79,.80,.82,,,,
ANZIZQ,12.00,02/12/11,1:1,9.19,9.14,9.18,-8,10,,
ANZIOO,12.00,15/12/11,1:1,9.29,9.30,9.88,,,,
ANZIOI,17.50,15/12/11,1:1,4.53,4.54,5.36,,,,
ANZIOR,20.00,24/01/12,1:1,3.38,3.39,,,,,
ANZIOS,25.00,24/01/12,1:1,1.70,1.71,1.87,,,,
ANZIOU,14.50,29/03/12,1:1,7.59,7.60,7.78,,,,
ANZIZJ,16.97,29/03/12,1:1,5.26,5.22,5.98,,,,
ANZIO1,11.00,11/05/12,1:1,11.33,11.34,11.56,,10,,
ANZIOL,17.50,25/05/12,1:1,5.75,5.76,6.48,,,,
ANZIOE,12.00,28/06/12,1:1,10.14,10.15,,,,,
ANZIOF,16.00,28/06/12,1:1,7.11,7.12,,,,,
ANZSOA,17.44,28/06/12,1:1,5.44,5.45,5.30,,,,
ANZISM,23.76,28/06/12,1:1,4.20,4.74,,,,,
ANZSSR,4.77,29/06/12,1:1,16.53,16.54,20.67,,,,
ANZSSS,12.42,29/06/12,1:1,9.56,9.57,12.36,,,,
ANZSST,17.03,29/06/12,1:1,6.17,6.18,,,,,
ANZSMW,17.82,29/06/12,1:1,4.27,5.59,5.59,,,,
ANZMMI,19.11,29/06/12,1:1,4.47,,1.62,,,,
ANZSSC,22.88,29/06/12,1:1,1.625,1.635,,,,,
ANZIZR,13.50,03/12/12,1:1,9.42,9.38,9.86,,,,
ANZIZW,13.50,03/12/12,1:1,9.42,9.38,,,,,
ANZIZZ,13.50,03/12/12,1:1,9.42,9.38,9.50,-72,6,,
ANZSOB,8.62,27/06/13,1:1,12.97,12.98,13.70,,,,
ANZSMZ,12.28,28/06/13,1:1,9.51,,13.14,,,,
ANZSMA,15.59,28/06/13,1:1,6.35,,7.13,,,,
ANZSOC,5.69,26/06/14,1:1,15.65,15.66,15.98,,,,
ANZSSA,16.86,30/06/14,1:1,6.88,,7.85,,,,
ANZSOD,13.33,26/06/15,1:1,10.46,10.47,11.00,,,,
ANZSWM,6.03,30/06/15,1:1,15.37,,17.31,,,,
ANZSZA,7.08,30/06/15,1:1,14.27,,15.47,,,,
ANZSSB,11.75,30/06/15,1:1,10.54,,13.18,,,,
ANZSMC,13.31,30/06/15,1:1,10.46,,14.57,,,,
ANZSOE,10.00,23/06/16,1:1,12.57,12.58,12.94,,,,
ANZSOF,12.00,23/06/16,1:1,11.41,11.42,,,,,
ANZSWB,9.97,30/06/16,1:1,11.74,,11.92,,,,
ANZSWG,12.24,30/06/16,1:1,11.72,11.74,11.83,+5,6,,
ANZSZB,14.43,30/06/16,1:1,8.22,,8.44,,,,
ANZSWC,15.16,30/06/16,1:1,7.23,7.25,7.23,-82,5,,
ANZSMX,15.48,30/06/16,1:1,6.45,,7.71,,,,
ANZSWE,19.32,30/06/16,1:1,3.90,,4.36,,,,
ANZSWD,22.06,30/06/16,1:1,2.64,,3.02,,,,
ANZSMY,20.11,30/06/17,1:1,4.24,,4.85,,,,
ANZSZD,7.39,28/06/18,1:1,13.98,,13.93,,,,
ANZSMB,16.98,29/06/18,1:1,5.71,,7.85,,,,
ANZSZX,5.42,04/02/19,1:1,15.47,15.42,16.41,,,,
ANZSZW,9.78,04/02/19,1:1,11.10,11.05,11.82,,,,
ANZSZV,12.28,04/02/19,1:1,8.60,8.55,8.72,,,,
,
Argo Invest Last Sale Price $5.45,
ARGSZB,4.18,30/06/16,1:1,1.775,,3.07,,,,
,
ASX Last Sale Price $29.86,
ASXIZQ,17.30,02/12/11,1:1,12.94,13.00,15.16,,,,
ASXIOO,18.00,15/12/11,1:1,12.42,12.44,13.55,,,,
ASXIOI,26.50,15/12/11,1:1,5.18,5.20,5.56,,,,
ASXIOL,25.00,25/05/12,1:1,8.10,8.12,8.77,,,,
ASXSOA,29.88,28/06/12,1:1,4.99,5.00,5.13,-69,30,,
ASXSSR,12.53,29/06/12,1:1,18.37,18.39,24.82,,,,
ASXSMW,28.09,29/06/12,1:1,3.97,,4.71,,,,
ASXMMI,30.28,29/06/12,1:1,6.29,,4.75,,,,
ASXSOB,13.21,27/06/13,1:1,17.96,17.97,26.33,,,,
ASXSMZ,18.57,28/06/13,1:1,12.71,,,,,,
ASXSMA,29.72,28/06/13,1:1,3.85,,3.89,,,,
ASXSOC,13.13,26/06/14,1:1,18.00,18.01,23.66,,,,
ASXSSA,33.00,30/06/14,1:1,5.15,,13.11,,,,
ASXSZA,2.11,30/06/15,1:1,27.83,,34.67,,,,
ASXSMC,18.21,30/06/15,1:1,14.61,,,,,,
ASXSSB,22.12,30/06/15,1:1,12.84,,20.12,,,,
ASXSOE,15.00,23/06/16,1:1,17.58,17.59,,,,,
ASXSWB,16.31,30/06/16,1:1,14.90,,16.57,,,,
ASXSZB,17.24,30/06/16,1:1,13.90,,20.33,,,,
ASXSZC,28.06,30/06/17,1:1,7.92,,16.54,,,,
ASXSMY,31.14,30/06/17,1:1,5.29,,6.45,,,,
ASXSZD,16.57,28/06/18,1:1,14.44,,21.83,,,,
ASXSMB,31.11,29/06/18,1:1,5.65,,6.12,,,,
ASXSZX,11.82,04/02/19,1:1,17.99,18.05,19.16,,,,
ASXSZW,17.21,04/02/19,1:1,12.60,12.66,13.60,,,,
,
Alumina Last Sale Price $2.18,
AWCIOO,0.90,15/12/11,1:1,1.325,1.335,1.305,,,,
AWCIOI,1.20,15/12/11,1:1,1.035,1.045,1.08,,,,
AWCSOA,5.62,28/06/12,1:1,.14,.15,.19,,,,
AWCSSR,1.54,29/06/12,1:1,.815,.825,1.295,,,,
AWCSST,1.54,29/06/12,1:1,.785,.795,,,,,
AWCIZR,1.50,03/12/12,1:1,.93,.945,1.015,,,,
AWCIZZ,1.50,03/12/12,1:1,.93,.945,,,,,
AWCSOB,2.08,27/06/13,1:1,.78,.79,1.095,,,,
AWCSMA,3.22,28/06/13,1:1,.21,,1.955,,,,
AWCSSB,3.66,30/06/15,1:1,.62,,.66,,,,
AWCSOE,0.90,23/06/16,1:1,1.51,1.52,,,,,
,
Billabong Int'l Last Sale Price $5.89,
BBGSMA,7.52,28/06/13,1:1,.595,,5.27,,,,
BBGSWB,6.90,30/06/16,1:1,.455,,1.73,,,,
BBGSZB,10.91,30/06/16,1:1,1.255,,5.33,,,,
,
Bendigo & Adelaide Last Sale Price $8.84,
BENIZQ,5.00,02/12/11,1:1,3.98,3.97,4.18,,,,
BENIOO,5.00,15/12/11,1:1,4.07,4.08,3.76,,,,
BENIOI,7.00,15/12/11,1:1,2.30,2.31,2.35,,,,
BENSMW,9.09,29/06/12,1:1,.78,,5.56,,,,
BENSMA,7.50,28/06/13,1:1,1.94,,7.30,,,,
BENSZA,2.57,30/06/15,1:1,6.45,,7.17,,,,
BENSZB,8.53,30/06/16,1:1,2.35,,2.33,-67,12,,
,
BHP Billiton Last Sale Price $41.42,
BHPION,45.00,29/09/11,1:1,1.735,1.745,1.745,-22,250,,
BHPIZQ,20.60,02/12/11,1:1,21.40,21.34,22.09,,,,
BHPIOO,22.50,15/12/11,1:1,19.75,19.76,21.99,,,,
BHPIOI,32.50,15/12/11,1:1,10.67,10.68,11.12,-98,10,,
BHPIOR,35.00,24/01/12,1:1,9.40,9.41,9.96,,,,
BHPIOS,40.00,24/01/12,1:1,6.13,6.14,,,,,
BHPIOT,45.00,24/01/12,1:1,3.88,3.89,,,,,
BHPIOU,28.50,29/03/12,1:1,15.33,15.34,16.18,,,,
BHPIZJ,33.07,29/03/12,1:1,11.20,11.17,,,,,
BHPIO1,22.00,11/05/12,1:1,22.77,22.78,23.65,,,,
BHPIOM,30.00,25/05/12,1:1,14.60,14.61,,,,,
BHPIOL,40.00,25/05/12,1:1,7.96,7.97,8.00,-39,5,,
BHPSOA,24.14,28/06/12,1:1,19.41,19.42,20.08,,,,
BHPIOE,27.50,28/06/12,1:1,17.06,17.07,,,,,
BHPIOF,32.50,28/06/12,1:1,13.27,13.28,,,,,
BHPISM,47.47,28/06/12,1:1,5.47,6.52,,,,,
BHPSSR,17.30,29/06/12,1:1,25.69,25.70,27.92,,,,
BHPSMW,19.71,29/06/12,1:1,23.11,,25.44,,,,
BHPSST,32.73,29/06/12,1:1,12.97,12.98,,,,,
BHPMMI,39.98,29/06/12,1:1,7.87,,2.59,,,,
BHPSSC,43.33,29/06/12,1:1,3.71,3.72,,,,,
BHPIZR,25.50,03/12/12,1:1,19.27,19.25,,,,,
BHPIZZ,25.50,03/12/12,1:1,19.27,19.25,19.23,-133,10,,
BHPSOB,22.23,27/06/13,1:1,22.35,22.36,24.46,,,,
BHPSMA,23.67,28/06/13,1:1,19.66,,22.04,,,,
BHPSMZ,29.67,28/06/13,1:1,14.14,,18.22,,,,
BHPSOC,15.07,26/06/14,1:1,28.70,28.71,28.88,,,,
BHPSSA,25.77,30/06/14,1:1,18.76,,26.92,,,,
BHPSOD,28.07,26/06/15,1:1,21.19,21.20,21.78,,,,
BHPSZA,6.44,30/06/15,1:1,35.44,,38.32,,,,
BHPSMC,25.13,30/06/15,1:1,21.57,,28.10,,,,
BHPSSB,26.20,30/06/15,1:1,20.45,,19.71,,,,
BHPSOE,20.00,23/06/16,1:1,26.33,26.34,,,,,
BHPSOF,25.00,23/06/16,1:1,23.45,23.46,24.00,,,,
BHPSWB,12.01,30/06/16,1:1,30.44,,33.16,,,,
BHPSWC,16.87,30/06/16,1:1,26.08,26.15,26.15,-65,2,,
BHPSMX,19.36,30/06/16,1:1,23.43,,25.27,,,,
BHPSZB,20.67,30/06/16,1:1,23.18,,24.43,,,,
BHPSWE,22.37,30/06/16,1:1,21.25,,22.81,,,,
BHPSWG,24.29,30/06/16,1:1,24.35,24.37,26.39,,,,
BHPSWF,26.98,30/06/16,1:1,17.54,,16.06,,,,
BHPSMY,21.99,30/06/17,1:1,20.99,,23.95,,,,
BHPSZC,30.11,30/06/17,1:1,18.37,,20.12,,,,
BHPSMB,27.84,29/06/18,1:1,15.84,,18.13,,,,
BHPSZX,14.38,04/02/19,1:1,27.08,27.05,28.39,,,,
BHPSZW,18.24,04/02/19,1:1,23.22,23.19,24.82,,,,
BHPSZU,19.61,04/02/19,1:1,21.85,21.82,23.04,,,,
BHPSZV,23.99,04/02/19,1:1,17.47,17.44,19.75,,,,
,
Boral Last Sale Price $4.17,
BLDIOO,3.50,15/12/11,1:1,.99,1.00,1.925,,,,
BLDSOA,5.28,28/06/12,1:1,.49,.50,1.17,,,,
,
Boart Longyear Last Sale Price $4.05,
BLYSMW,13.49,29/06/12,1:1,.92,,.98,,,,
BLYSMA,13.57,28/06/13,1:1,.925,,.195,,,,
BLYSZC,1.76,30/06/17,1:1,2.74,,.165,,,,
BLYSZW,1.72,28/12/17,1:1,2.33,2.34,,,,,
BLYSZX,2.26,04/02/19,1:1,1.79,1.795,1.99,,,,
,
Bank of Qld Last Sale Price $8.05,
BOQIZQ,6.30,02/12/11,1:1,2.06,2.07,2.23,,,,
BOQIOO,6.50,15/12/11,1:1,2.07,2.08,3.82,,,,
BOQIOI,9.25,15/12/11,1:1,.79,.80,.815,,,,
BOQSMW,9.29,29/06/12,1:1,.615,,3.55,,,,
BOQMMI,13.37,29/06/12,1:1,2.29,,,,,,
BOQIZR,5.50,03/12/12,1:1,3.51,3.52,,,,,
BOQIZZ,5.50,03/12/12,1:1,3.51,3.52,,,,,
BOQSMA,9.89,28/06/13,1:1,.655,,1.185,,,,
BOQSZA,3.54,30/06/15,1:1,4.77,,6.51,,,,
BOQSOE,4.00,23/06/16,1:1,5.19,5.20,,,,,
BOQSZB,9.87,30/06/16,1:1,1.91,,3.78,,,,
BOQSMY,10.43,30/06/17,1:1,1.14,,3.75,,,,
BOQSZU,4.84,04/02/19,1:1,3.22,3.22,2.96,,,,
BOQSZX,6.03,04/02/19,1:1,2.03,2.03,2.39,,,,
,
BlueScope Steel Last Sale Price $1.14,
BSLIZQ,1.40,02/12/11,1:1,.087,.105,.105,-4.5,500,,
BSLIOO,1.75,15/12/11,1:1,.095,.105,.525,,,,
BSLIOI,2.50,15/12/11,1:1,.077,.087,.081,,,,
BSLIOL,1.50,25/05/12,1:1,.205,.215,.255,,,,
BSLSOA,7.45,28/06/12,1:1,.24,.25,.265,,,,
BSLSMW,5.50,29/06/12,1:1,.37,,.14,,,,
BSLIZR,1.00,03/12/12,1:1,.395,.40,,,,,
BSLIZZ,1.00,03/12/12,1:1,.395,.40,.525,,,,
BSLSMA,5.86,28/06/13,1:1,.395,,.058,,,,
BSLSSA,5.70,30/06/14,1:1,.38,,,,,,
BSLSZA,2.87,30/06/15,1:1,.325,,.72,,,,
BSLSWG,1.16,30/06/16,1:1,.43,.45,.53,,,,
BSLSWB,2.36,30/06/16,1:1,.015,,.015,,,,
BSLSMX,3.72,30/06/16,1:1,.245,,4.60,,,,
BSLSZB,4.76,30/06/16,1:1,.56,,.565,,,,
BSLSMY,6.26,30/06/17,1:1,.42,,.435,,,,
BSLSZT,0.51,28/12/17,1:1,.64,.635,,,,,
BSLSMB,6.56,29/06/18,1:1,.44,,4.80,,,,
BSLSZU,0.89,04/02/19,1:1,.255,.255,.34,,,,
,
Brambles Last Sale Price $6.93,
BXBIZQ,3.80,02/12/11,1:1,3.21,3.23,3.68,,,,
BXBIOO,4.50,15/12/11,1:1,2.64,2.65,,,,,
BXBIOI,5.50,15/12/11,1:1,1.855,1.865,,,,,
BXBIOR,6.50,24/01/12,1:1,1.255,1.265,,,,,
BXBIOL,5.50,25/05/12,1:1,2.23,2.24,,,,,
BXBISM,7.66,28/06/12,1:1,1.23,1.405,,,,,
BXBSOA,7.83,28/06/12,1:1,.995,1.005,1.43,,,,
BXBSSR,4.20,29/06/12,1:1,3.09,3.10,3.42,,,,
BXBMMI,7.74,29/06/12,1:1,1.145,,1.25,,,,
BXBSMW,10.62,29/06/12,1:1,.71,,.73,,,,
BXBIZZ,4.00,03/12/12,1:1,3.39,3.41,,,,,
BXBSOB,4.16,27/06/13,1:1,3.39,3.40,3.62,,,,
BXBSMA,7.04,28/06/13,1:1,1.025,,1.14,,,,
BXBSOC,3.09,26/06/14,1:1,4.28,4.29,4.60,,,,
BXBSSA,8.91,30/06/14,1:1,1.43,,1.61,,,,
BXBSZA,3.38,30/06/15,1:1,3.85,,4.06,,,,
BXBSMC,3.99,30/06/15,1:1,3.87,,,,,,
BXBSOE,3.50,23/06/16,1:1,4.30,4.31,,,,,
BXBSOF,4.00,23/06/16,1:1,4.05,4.06,,,,,
BXBSWB,3.86,30/06/16,1:1,3.38,,3.61,,,,
BXBSWG,4.17,30/06/16,1:1,4.03,4.05,4.37,,,,
BXBSZB,7.25,30/06/16,1:1,2.08,,2.27,,,,
BXBSMX,7.40,30/06/16,1:1,1.415,,1.59,,,,
BXBSWC,7.62,30/06/16,1:1,.57,.58,.57,-15,7,,
BXBSMY,11.39,30/06/17,1:1,.84,,.96,,,,
BXBSMB,7.39,29/06/18,1:1,1.595,,1.655,,,,
BXBSZX,2.79,04/02/19,1:1,4.13,4.15,4.20,,,,
BXBSZV,3.65,04/02/19,1:1,3.27,3.29,3.30,,,,
,
Isharesftsechina25us,
C25SZ5,38.90,29/06/12,1:1,6.70,,,,,,
C25SZ3,43.15,29/06/12,1:1,4.61,,,,,,
C25SZ4,43.15,29/06/12,1:1,3.59,,,,,,
C25SZ1,45.86,29/06/12,1:1,3.25,,,,,,
,
Cabcharge Aust Last Sale Price $4.95,
CABSMA,5.87,28/06/13,1:1,.81,,3.40,,,,
,
C'wlth Bank of Aust Last Sale Price $49.27,
CBAION,50.00,29/09/11,1:1,3.62,3.63,4.08,,50,,
CBAIZQ,29.20,02/12/11,1:1,20.50,20.82,20.98,-65,7,,
CBAIOO,30.00,15/12/11,1:1,20.44,20.45,20.38,,,,
CBAIOI,43.00,15/12/11,1:1,9.56,9.57,9.84,+30,90,,
CBAJZ2,32.32,22/12/11,1:1,17.06,16.96,17.10,,,,
CBAIOR,40.00,24/01/12,1:1,12.47,12.48,,,,,
CBAIOS,50.00,24/01/12,1:1,6.23,6.24,6.43,-28,30,,
CBAIOU,32.00,29/03/12,1:1,19.87,19.88,19.88,,,,
CBAIZJ,39.01,29/03/12,1:1,13.51,13.43,13.55,,,,
CBAIO1,25.00,11/05/12,1:1,27.29,27.30,27.91,,,,
CBAIOL,47.50,25/05/12,1:1,10.16,10.17,10.20,,,,
CBASOA,29.86,28/06/12,1:1,22.02,22.03,23.33,,,,
CBAIOE,30.00,28/06/12,1:1,22.57,22.58,23.39,,,,
CBAISM,56.51,28/06/12,1:1,8.78,10.03,,,,,
CBASSR,9.08,29/06/12,1:1,41.11,41.12,43.61,,,,
CBASSS,27.11,29/06/12,1:1,24.66,24.67,28.21,,,,
CBASMW,29.62,29/06/12,1:1,21.63,,21.71,,,,
CBASST,37.85,29/06/12,1:1,16.08,16.09,16.13,-75,10,,
CBAMMI,41.50,29/06/12,1:1,11.75,,7.03,,,,
CBASSC,54.22,29/06/12,1:1,3.72,3.73,,,,,
CBAIZR,30.00,03/12/12,1:1,23.35,23.26,,,,,
CBAIZZ,30.00,03/12/12,1:1,23.35,23.26,23.40,,,,
CBASOB,16.39,27/06/13,1:1,34.32,34.33,37.48,,,,
CBASMZ,22.05,28/06/13,1:1,28.72,,34.09,,,,
CBASMA,30.21,28/06/13,1:1,21.10,,22.06,,,,
CBASOC,9.30,26/06/14,1:1,40.80,40.81,42.11,,,,
CBASSA,33.43,30/06/14,1:1,20.41,,23.73,,,,
CBASOD,36.89,26/06/15,1:1,22.38,22.39,26.00,,,,
CBASWM,5.23,30/06/15,1:1,44.66,,47.98,,,,
CBASZA,8.73,30/06/15,1:1,41.22,,44.72,,,,
CBASSB,24.10,30/06/15,1:1,27.67,,30.61,,,,
CBASMC,30.99,30/06/15,1:1,23.94,,27.79,,,,
CBASOE,23.50,23/06/16,1:1,29.88,29.89,,,,,
CBASOF,28.50,23/06/16,1:1,26.99,27.00,,,,,
CBASWB,14.85,30/06/16,1:1,35.73,,36.20,,,,
CBASWC,21.49,30/06/16,1:1,29.63,,29.70,-43,3,,
CBASZB,23.21,30/06/16,1:1,27.79,,29.47,,,,
CBASMX,25.46,30/06/16,1:1,25.47,,26.22,,,,
CBASWG,26.59,30/06/16,1:1,29.04,29.06,29.01,,,,
CBASWD,30.41,30/06/16,1:1,21.59,,22.29,,,,
CBASWE,34.79,30/06/16,1:1,17.67,,19.78,,,,
CBASMY,33.04,30/06/17,1:1,18.44,,20.34,,,,
CBASZC,36.61,30/06/17,1:1,18.25,,23.19,,,,
CBASZD,19.98,28/06/18,1:1,30.70,,30.27,,,,
CBASMB,31.60,29/06/18,1:1,19.81,,20.54,,,,
CBASZX,11.20,04/02/19,1:1,38.18,38.08,37.73,,,,
CBASZW,16.21,04/02/19,1:1,33.17,33.07,32.60,,,,
CBASZV,26.13,04/02/19,1:1,23.24,23.14,23.37,,,,
CBASZU,31.31,04/02/19,1:1,18.06,17.96,18.18,,,,
,
Coca-Cola Amatil Last Sale Price $11.30,
CCLSSR,4.54,29/06/12,1:1,7.17,7.18,7.29,,,,
CCLMMI,7.14,29/06/12,1:1,3.96,,.81,,,,
CCLSST,7.93,29/06/12,1:1,4.22,4.23,,,,,
CCLSMA,5.07,28/06/13,1:1,6.63,,6.94,,,,
CCLSSB,3.84,30/06/15,1:1,7.80,,7.95,,,,
CCLSMC,6.59,30/06/15,1:1,5.85,,,,,,
CCLSWB,3.94,30/06/16,1:1,7.73,,,,,,
CCLSZX,3.98,04/02/19,1:1,7.33,7.33,7.39,,,,
CCLSZW,5.70,04/02/19,1:1,5.60,5.60,5.67,,,,
,
ConnectEast Last Sale Price $0.53,
CEUSMW,0.89,29/06/12,1:1,.051,,.032,,,,
CEUSMA,0.89,28/06/13,1:1,.051,,.069,,,,
CEUSZZ,0.37,30/06/15,1:1,.16,,.15,,,,
CEUSZC,1.06,30/06/17,1:1,.089,,.092,,,,
,
Challenger Last Sale Price $4.89,
CGFIOY,4.00,29/09/11,1:1,1.04,1.06,1.015,,,,
CGFIOR,4.00,24/01/12,1:1,1.33,1.35,,,,,
CGFSMW,3.04,29/06/12,1:1,2.10,,1.435,,,,
CGFSMA,2.20,28/06/13,1:1,2.86,,2.39,,,,
,
Consolidated Media Last Sale Price $2.42,
CMJIOO,2.00,15/12/11,1:1,.595,.605,1.565,,,,
CMJIZZ,1.50,03/12/12,1:1,1.07,1.10,,,,,
CMJSZB,1.45,30/06/16,1:1,1.065,,1.195,,,,
,
Centro Properties Last Sale Price $0.05,
CNPSOA,6.47,28/06/12,1:1,.001,,.47,,,,
CNPSMW,7.67,29/06/12,1:1,.525,,.033,,,,
,
Cochlear Last Sale Price $70.87,
COHIOO,34.00,15/12/11,1:1,38.01,38.02,41.14,,,,
COHIOI,49.50,15/12/11,1:1,23.41,23.42,25.84,,,,
COHSOC,28.11,26/06/14,1:1,45.93,45.94,46.59,,,,
COHSWG,36.00,30/06/16,1:1,41.71,41.77,,,,,
COHSZX,26.01,04/02/19,1:1,44.93,44.86,49.02,,,,
COHSZW,32.88,04/02/19,1:1,38.07,38.00,38.40,,,,
,
C'wlth Prop Office Last Sale Price $0.95,
CPASZX,0.43,04/02/19,1:1,.515,.52,,,,,
,
Computershare Last Sale Price $8.21,
CPUIZQ,6.20,02/12/11,1:1,2.24,2.23,2.25,-13,310,,
CPUIOO,6.50,15/12/11,1:1,2.16,2.17,2.82,,,,
CPUIOL,7.50,25/05/12,1:1,2.04,2.05,,,,,
CPUIZZ,5.50,03/12/12,1:1,3.52,3.51,3.58,,,,
CPUSOC,3.79,26/06/14,1:1,4.98,4.99,4.95,,,,
CPUSMC,6.83,30/06/15,1:1,4.01,,7.95,,,,
CPUSWG,5.00,30/06/16,1:1,4.38,4.41,,,,,
CPUSWB,5.51,30/06/16,1:1,3.49,,,,,,
CPUSZV,3.79,28/12/17,1:1,4.44,4.43,4.61,,,,
CPUSZW,5.19,04/02/19,1:1,3.04,3.03,3.30,,,,
CPUSZX,6.58,04/02/19,1:1,1.65,1.635,2.25,,,,
,
Charter Hall Off REIT Last Sale Price $3.32,
CQOSMA,7.62,28/06/13,1:1,.515,,.046,,,,
CQOSZB,0.61,30/06/16,1:1,2.74,,2.29,,,,
,
Charter Hall Ret REIT Last Sale Price $3.12,
CQRSMW,6.81,29/06/12,1:1,.455,,.335,,,,
CQRSMA,4.71,28/06/13,1:1,.31,,.085,,,,
,
CSL Last Sale Price $30.69,
CSLIZQ,18.30,02/12/11,1:1,12.86,12.86,12.69,-87,8,,
CSLIOO,18.00,15/12/11,1:1,13.32,13.33,18.36,,,,
CSLIOI,27.50,15/12/11,1:1,5.13,5.14,7.28,,,,
CSLIOR,30.00,24/01/12,1:1,4.27,4.28,,,,,
CSLSOA,19.74,28/06/12,1:1,12.68,12.69,19.46,,,,
CSLISM,35.53,28/06/12,1:1,3.21,4.01,,,,,
CSLSMW,16.94,29/06/12,1:1,15.09,,17.90,,,,
CSLSSR,22.38,29/06/12,1:1,10.30,10.31,12.51,,,,
CSLMMI,33.70,29/06/12,1:1,4.26,,5.97,,,,
CSLIZZ,19.50,03/12/12,1:1,13.51,13.51,,,,,
CSLSMA,23.58,28/06/13,1:1,8.90,,10.78,,,,
CSLSOC,18.58,26/06/14,1:1,16.00,16.01,21.19,,,,
CSLSSA,21.40,30/06/14,1:1,12.76,,14.83,,,,
CSLSOD,21.30,26/06/15,1:1,14.39,14.40,19.21,,,,
CSLSMC,20.54,30/06/15,1:1,14.81,,18.35,,,,
CSLSSB,26.01,30/06/15,1:1,10.64,,16.23,,,,
CSLSOE,16.50,23/06/16,1:1,18.68,18.69,,,,,
CSLSWG,19.56,30/06/16,1:1,16.23,16.24,16.16,-415,29,,
CSLSWB,23.85,30/06/16,1:1,11.45,,19.28,,,,
CSLSZW,13.23,28/12/17,1:1,17.47,17.47,,,,,
CSLSMB,25.67,29/06/18,1:1,7.87,,10.73,,,,
CSLSZX,19.52,04/02/19,1:1,11.18,11.18,13.13,,,,
,
CSR Last Sale Price $2.63,
CSRIZQ,1.19,02/12/11,1:1,1.455,1.47,1.685,,,,
CSRIOO,2.10,15/12/11,1:1,.70,.71,.74,,,,
CSRIOM,1.75,25/05/12,1:1,1.085,1.095,,,,,
CSRIZR,1.75,03/12/12,1:1,1.11,1.125,1.11,-2.5,60,,
CSRIZZ,1.75,03/12/12,1:1,1.11,1.125,1.20,,,,
CSRSZA,1.10,30/06/15,1:1,1.595,,2.69,,,,
CSRSZX,1.36,04/02/19,1:1,1.255,1.27,1.455,,,,
,
Caltex Aust Last Sale Price $10.66,
CTXSMZ,6.77,28/06/13,1:1,4.42,,7.70,,,,
,
Crown Last Sale Price $8.92,
CWNIOO,5.50,15/12/11,1:1,3.66,3.67,,,,,
CWNIOI,8.00,15/12/11,1:1,1.675,1.685,1.49,,,,
CWNSMW,2.99,29/06/12,1:1,6.17,,6.21,,,,
CWNIZZ,5.00,03/12/12,1:1,4.47,4.48,,,,,
CWNSMA,7.19,28/06/13,1:1,2.33,,2.13,,,,
CWNSSA,9.04,30/06/14,1:1,2.31,,,,,,
CWNSWG,4.65,30/06/16,1:1,5.80,5.82,,,,,
CWNSZB,5.79,30/06/16,1:1,3.69,,3.60,,,,
CWNSWB,6.39,30/06/16,1:1,3.67,,3.53,,,,
CWNSMY,4.51,30/06/17,1:1,4.78,,4.47,,,,
CWNSMB,6.50,29/06/18,1:1,3.16,,3.08,,,,
CWNSZX,3.90,04/02/19,1:1,5.02,5.03,4.83,,,,
,
David Jones Last Sale Price $3.00,
DJSIZQ,2.40,02/12/11,1:1,.725,.73,.73,-15.5,26,,
DJSIZR,3.00,03/12/12,1:1,.895,.90,,,,,
DJSIZZ,3.00,03/12/12,1:1,.895,.90,,,,,
DJSSZX,1.51,04/02/19,1:1,1.49,1.495,2.94,,,,
DJSSZV,2.48,04/02/19,1:1,.515,.52,.675,,,,
,
Downer EDI Last Sale Price $3.83,
DOWSZW,1.51,28/12/17,1:1,2.32,2.32,,,,,
DOWSZX,2.45,04/02/19,1:1,1.385,1.38,1.21,,,,
,
DUET Grp Last Sale Price $1.55,
DUESMW,1.28,29/06/12,1:1,.37,.445,.445,,,,
DUESMA,1.28,28/06/13,1:1,.365,,1.53,,,,
DUESMX,0.70,30/06/16,1:1,.89,,.96,,,,
DUESZB,0.95,30/06/16,1:1,.56,,.76,,,,
DUESMY,1.66,30/06/17,1:1,.235,,.295,,,,
DUESMB,1.42,29/06/18,1:1,.325,,,,,,
DUESZX,0.75,04/02/19,1:1,.80,.80,,,,,
,
Echo Entertainment Last Sale Price $4.01,
EGPSZX,1.27,04/02/19,1:1,2.74,2.75,2.72,-13,11,,
EGPSZW,1.82,04/02/19,1:1,2.19,2.20,2.30,,,,
,
Foster's Grp Last Sale Price $5.05,
FGLIZQ,1.71,02/12/11,1:1,3.36,3.39,3.54,,,,
FGLIOO,2.38,15/12/11,1:1,2.74,2.75,2.95,,,,
FGLIOL,3.50,25/05/12,1:1,1.905,1.915,1.98,,,,
FGLSSR,1.65,29/06/12,1:1,3.52,3.53,2.93,,,,
FGLIZZ,2.75,03/12/12,1:1,2.57,2.60,,,,,
FGLSMA,2.54,28/06/13,1:1,2.71,,2.11,,,,
FGLSOC,1.28,26/06/14,1:1,3.85,3.86,3.70,,,,
FGLSOD,1.94,26/06/15,1:1,3.29,3.30,3.21,,,,
FGLSZA,0.92,30/06/15,1:1,4.16,,3.98,,,,
FGLSMC,1.72,30/06/15,1:1,3.57,,,,,,
FGLSSB,1.91,30/06/15,1:1,3.28,,,,,,
FGLSZB,1.91,30/06/16,1:1,3.24,,2.64,,,,
FGLSWG,1.93,30/06/16,1:1,3.69,3.71,,,,,
FGLSZX,1.32,04/02/19,1:1,3.71,3.74,3.35,,,,
FGLSZU,2.92,04/02/19,1:1,2.11,2.14,,,,,
,
Fortescue Metals Grp Last Sale Price $6.31,
FMGIOO,3.00,15/12/11,1:1,3.45,3.46,3.67,,,,
FMGIOR,4.50,24/01/12,1:1,2.17,2.18,,,,,
FMGIOS,6.00,24/01/12,1:1,1.15,1.16,1.18,-3,64,,
FMGIOL,5.00,25/05/12,1:1,2.10,2.11,2.21,,,,
FMGSOE,3.00,23/06/16,1:1,4.26,4.27,,,,,
FMGSZX,3.30,04/02/19,1:1,3.02,3.01,3.15,,,,
,
Fleetwood Corp Last Sale Price $11.44,
FWDSZX,6.16,04/02/19,1:1,5.28,5.29,5.53,,,,
,
Fairfax Media Last Sale Price $0.88,
FXJIOO,1.10,15/12/11,1:1,.079,.088,.16,,,,
FXJIOL,1.00,25/05/12,1:1,.18,.19,,,,,
FXJSOA,3.11,28/06/12,1:1,.115,.125,.125,,,,
FXJSSR,0.90,29/06/12,1:1,.155,.165,.24,,,,
FXJSMA,2.64,28/06/13,1:1,.17,,.405,,,,
FXJSSA,3.26,30/06/14,1:1,.225,,.55,,,,
FXJSSB,2.38,30/06/15,1:1,.265,,.515,,,,
,
Goodman Fielder Last Sale Price $0.90,
GFFSMA,0.88,28/06/13,1:1,.16,,.625,,,,
GFFSZW,0.40,28/12/17,1:1,.495,.50,.53,,,,
GFFSZU,0.62,04/02/19,1:1,.275,.28,,,,,
GFFSZX,0.69,04/02/19,1:1,.205,.21,.31,,,,
,
Goodman Grp Last Sale Price $0.68,
GMGSMW,5.40,29/06/12,1:1,.365,,.195,,,,
GMGSMA,2.90,28/06/13,1:1,.19,,.049,,,,
GMGSSA,4.68,30/06/14,1:1,.021,,.56,,,,
GMGSSB,2.53,30/06/15,1:1,.019,,.795,,,,
GMGSMY,5.78,30/06/17,1:1,.39,,.145,,,,
,
GPT Grp Last Sale Price $3.01,
GPTSOA,14.71,28/06/12,1:1,.245,,.41,,,,
GPTSMW,17.42,29/06/12,1:1,1.19,,.845,,,,
GPTSMA,10.13,28/06/13,1:1,.685,,.18,,,,
GPTSMY,19.33,30/06/17,1:1,1.32,,.56,,,,
,
Hastings Divers Last Sale Price $1.61,
HDFSZX,0.63,04/02/19,1:1,.98,.985,.93,,,,
,
Hunter Hall Global Last Sale Price $0.79,
HHVSZC,0.78,30/06/17,1:1,.205,,.20,,,,
,
Harvey Norman Last Sale Price $2.18,
HVNIZQ,1.80,02/12/11,1:1,.445,.45,.67,,,,
HVNIZZ,1.75,03/12/12,1:1,.845,.85,,,,,
HVNSZW,1.38,04/02/19,1:1,.795,.80,,,,,
,
iShares S&P Asia 50 Last Sale Price $42.70,
IAAIOM,23.50,25/05/12,1:1,20.66,20.67,21.65,,,,
,
Insurance Aust Grp Last Sale Price $3.28,
IAGIZQ,2.00,02/12/11,1:1,1.33,1.335,1.63,,,,
IAGIOO,2.50,15/12/11,1:1,.94,.95,1.255,,,,
IAGIOI,3.25,15/12/11,1:1,.435,.445,,,,,
IAGIOL,3.00,25/05/12,1:1,.82,.83,,,,,
IAGIOF,1.75,28/06/12,1:1,1.72,1.73,,,,,
IAGSOA,3.76,28/06/12,1:1,.415,.425,.485,,,,
IAGSSR,2.00,29/06/12,1:1,1.45,1.46,2.18,,,,
IAGSMW,4.17,29/06/12,1:1,.27,,.26,,,,
IAGIZR,2.00,03/12/12,1:1,1.545,1.55,,,,,
IAGIZZ,2.00,03/12/12,1:1,1.545,1.55,,,,,
IAGSOB,2.22,27/06/13,1:1,1.405,1.415,.014,,,,
IAGSMA,2.07,28/06/13,1:1,1.355,,2.28,,,,
IAGSOC,1.90,26/06/14,1:1,1.715,1.725,,,,,
IAGSSA,3.38,30/06/14,1:1,.98,,1.225,,,,
IAGSMC,2.22,30/06/15,1:1,1.585,,2.00,,,,
IAGSZA,2.44,30/06/15,1:1,1.175,,1.785,,,,
IAGSOE,1.50,23/06/16,1:1,2.05,2.06,,,,,
IAGSWG,2.06,30/06/16,1:1,1.72,1.74,,,,,
IAGSWB,2.32,30/06/16,1:1,1.25,,1.38,,,,
IAGSZB,2.99,30/06/16,1:1,.95,,1.12,,,,
IAGSMX,4.16,30/06/16,1:1,.325,,1.525,,,,
IAGSMY,4.93,30/06/17,1:1,.325,,.505,,,,
IAGSMB,2.42,29/06/18,1:1,1.04,,2.39,,,,
IAGSZX,1.97,04/02/19,1:1,1.305,1.31,1.695,,,,
,
iShares MSCI Em Mkt Last Sale Price $42.58,
IEMIOM,23.50,25/05/12,1:1,20.91,20.92,22.45,,,,
IEMSOD,28.99,26/06/15,1:1,24.15,24.16,23.98,-384,38,,
,
iShares S&P High Div Last Sale Price $13.84,
IHDSZX,7.45,04/02/19,1:1,6.38,6.41,6.96,,,,
,
iShares S&P Mcap 600 Last Sale Price $63.96,
IJRSOD,40.64,26/06/15,1:1,37.26,37.37,37.32,-219,26,,
,
iShares S&P/ASX 20 Last Sale Price $19.00,
ILCSWG,11.07,30/06/16,1:1,10.77,10.80,11.70,,,,
,
iShares Global 100 Last Sale Price $57.75,
IOOIOM,32.00,25/05/12,1:1,28.06,28.07,30.57,,,,
,
iShares MSCI Aus 200 Last Sale Price $18.96,
IOZSWG,12.63,30/06/16,1:1,9.54,9.58,,,,,
,
Incitec Pivot Last Sale Price $3.95,
IPLSOC,1.44,26/06/14,1:1,2.75,2.76,2.83,,,,
IPLSMC,1.90,30/06/15,1:1,2.55,,2.22,,,,
IPLSOE,1.80,23/06/16,1:1,2.64,2.65,,,,,
IPLSZB,1.44,30/06/16,1:1,2.66,,2.38,,,,
IPLSWG,2.00,30/06/16,1:1,2.48,2.50,,,,,
,
iShares S&P 500 Last Sale Price $118.52,
IVVSOD,74.00,26/06/15,1:1,61.26,61.27,60.97,-288,14,,
,
iShares Glb Cons Last Sale Price $59.72,
IXIIOM,32.00,25/05/12,1:1,30.09,30.10,32.53,,,,
,
iShares Glb Health Last Sale Price $51.88,
IXJIOM,27.00,25/05/12,1:1,26.90,26.91,28.97,,,,
,
JB Hi-Fi Last Sale Price $15.00,
JBHSMA,8.19,28/06/13,1:1,7.46,,11.25,,,,
JBHSMB,8.19,29/06/18,1:1,7.46,,14.80,,,,
JBHSZX,11.35,04/02/19,1:1,3.62,3.66,3.65,-5,27,,
,
Leighton Hldgs Last Sale Price $21.11,
LEIIZQ,18.20,02/12/11,1:1,3.63,3.69,2.46,,,,
LEIIOR,20.00,24/01/12,1:1,3.49,3.50,,,,,
LEISMW,16.89,29/06/12,1:1,5.59,,5.33,,,,
LEISMA,32.35,28/06/13,1:1,2.22,,1.15,,,,
LEISOC,7.62,26/06/14,1:1,14.54,14.55,22.31,,,,
LEISMC,20.81,30/06/15,1:1,9.40,,19.63,,,,
LEISOE,10.00,23/06/16,1:1,13.77,13.78,,,,,
LEISWB,4.36,30/06/16,1:1,17.29,,17.27,,,,
LEISMX,8.88,30/06/16,1:1,13.04,,28.67,,,,
LEISWG,16.35,30/06/16,1:1,10.53,10.56,10.35,,,,
LEISWC,22.44,30/06/16,1:1,3.37,,9.80,,,,
LEISZC,25.73,30/06/17,1:1,7.13,,14.82,,,,
LEISZX,6.33,04/02/19,1:1,14.71,14.78,18.05,,,,
LEISZW,10.05,04/02/19,1:1,11.00,11.07,9.41,,,,
LEISZU,17.20,04/02/19,1:1,3.84,3.91,4.64,,,,
,
Lend Lease Grp Last Sale Price $8.86,
LLCIZQ,4.40,02/12/11,1:1,4.55,4.57,5.07,,,,
LLCIOO,6.00,15/12/11,1:1,3.13,3.14,3.36,,,,
LLCIOM,5.50,25/05/12,1:1,3.83,3.84,,,,,
LLCSOA,12.34,28/06/12,1:1,.79,.80,,,,,
LLCSSR,4.20,29/06/12,1:1,5.01,5.03,5.16,,,,
LLCSST,5.78,29/06/12,1:1,3.62,3.63,,,,,
LLCMMI,9.29,29/06/12,1:1,1.595,,.43,,,,
LLCSMW,12.53,29/06/12,1:1,.84,,1.025,,,,
LLCIZR,5.00,03/12/12,1:1,4.48,4.50,,,,,
LLCIZZ,5.00,03/12/12,1:1,4.48,4.50,,,,,
LLCSOB,4.44,27/06/13,1:1,4.87,4.88,5.46,,,,
LLCSMA,9.14,28/06/13,1:1,1.11,,1.14,,,,
LLCSOC,2.27,26/06/14,1:1,6.76,6.77,6.52,,,,
LLCSZA,4.28,30/06/15,1:1,4.96,,4.78,,,,
LLCSOE,4.50,23/06/16,1:1,5.30,5.31,,,,,
LLCSWG,4.63,30/06/16,1:1,5.52,5.54,5.81,,,,
LLCSWB,6.86,30/06/16,1:1,2.52,,2.41,,,,
LLCSZB,8.42,30/06/16,1:1,2.91,,3.20,,,,
LLCSMY,13.67,30/06/17,1:1,.99,,1.20,,,,
LLCSZD,4.81,28/06/18,1:1,4.67,,1.665,,,,
LLCSZX,1.91,04/02/19,1:1,6.93,6.95,6.75,,,,
LLCSZW,3.38,04/02/19,1:1,5.46,5.48,5.22,,,,
LLCSZU,4.76,04/02/19,1:1,4.09,4.11,4.17,,,,
LLCSZV,6.06,04/02/19,1:1,2.79,2.81,2.84,,,,
,
MAp Grp Last Sale Price $3.27,
MAPIZQ,1.70,02/12/11,1:1,1.60,1.615,1.72,,,,
MAPIOO,1.62,15/12/11,1:1,1.73,1.74,1.65,,,,
MAPSOA,1.81,28/06/12,1:1,1.58,1.59,1.58,,,,
MAPSSR,0.50,29/06/12,1:1,2.81,2.82,1.75,,,,
MAPIZR,1.75,03/12/12,1:1,1.71,1.725,,,,,
MAPIZZ,1.75,03/12/12,1:1,1.71,1.725,1.825,,,,
MAPSMA,1.97,28/06/13,1:1,1.46,,,,,,
MAPSZA,0.38,30/06/15,1:1,2.70,,2.50,,,,
MAPSSB,1.21,30/06/15,1:1,2.20,,1.355,,,,
MAPSOE,1.70,23/06/16,1:1,1.955,1.965,,,,,
MAPSWB,0.54,30/06/16,1:1,2.86,,.71,,,,
MAPSZB,1.01,30/06/16,1:1,2.31,,1.97,,,,
MAPSMX,1.04,30/06/16,1:1,2.31,,1.555,,,,
MAPSZC,2.05,30/06/17,1:1,1.28,,.995,,,,
MAPSZX,0.64,04/02/19,1:1,2.61,2.63,2.76,,,,
MAPSZW,1.39,04/02/19,1:1,1.865,1.88,2.01,,,,
,
Mirvac Grp Last Sale Price $1.15,
MGRSOA,3.56,28/06/12,1:1,.056,.066,.635,,,,
MGRSMW,3.78,29/06/12,1:1,.25,,.18,,,,
MGRSZB,2.60,30/06/16,1:1,.31,,.33,,,,
MGRSZX,0.56,04/02/19,1:1,.58,.595,.68,,,,
,
Macquarie Grp Last Sale Price $27.57,
MQGION,35.00,29/09/11,1:1,.40,.41,1.30,,,,
MQGIZQ,25.00,02/12/11,1:1,4.80,4.87,5.26,,,,
MQGIOO,34.00,15/12/11,1:1,2.45,2.46,2.42,-20,80,,
MQGIOI,48.00,15/12/11,1:1,1.545,1.555,1.66,,,,
MQGIOR,20.00,24/01/12,1:1,9.09,9.10,,,,,
MQGIOS,25.00,24/01/12,1:1,5.76,5.77,7.52,,,,
MQGIOU,22.00,29/03/12,1:1,8.29,8.30,,,,,
MQGIZJ,26.07,29/03/12,1:1,4.92,4.99,5.27,,,,
MQGIO1,18.00,11/05/12,1:1,13.83,13.84,,,,,
MQGIOL,30.00,25/05/12,1:1,5.48,5.49,6.48,,,,
MQGIOE,20.00,28/06/12,1:1,10.74,10.75,,,,,
MQGSOA,56.74,28/06/12,1:1,2.13,2.14,2.17,,,,
MQGSSR,18.75,29/06/12,1:1,10.77,10.79,33.85,,,,
MQGIZR,19.50,03/12/12,1:1,11.51,11.59,,,,,
MQGIZZ,19.50,03/12/12,1:1,11.51,11.59,11.45,-243,10,,
MQGSOB,25.76,27/06/13,1:1,10.64,10.65,11.46,,,,
MQGSOC,10.80,26/06/14,1:1,18.94,18.95,19.82,,,,
MQGSSA,49.71,30/06/14,1:1,4.76,,5.20,,,,
MQGSOD,32.45,26/06/15,1:1,11.39,11.40,17.96,,,,
MQGSZA,19.17,30/06/15,1:1,11.67,,13.69,,,,
MQGSSB,35.38,30/06/15,1:1,7.28,,11.68,,,,
MQGSOE,12.50,23/06/16,1:1,17.82,17.83,,,,,
MQGSOF,15.50,23/06/16,1:1,16.38,16.39,,,,,
MQGSWG,20.47,30/06/16,1:1,15.10,15.14,16.56,,,,
MQGSWB,35.37,30/06/16,1:1,2.20,,2.20,-185,1,,
MQGSZB,42.54,30/06/16,1:1,7.15,,8.54,,,,
MQGSZC,38.51,30/06/17,1:1,7.79,,11.95,,,,
MQGSZD,29.23,28/06/18,1:1,8.31,,15.11,,,,
MQGSZX,10.91,04/02/19,1:1,16.56,16.66,16.93,,,,
MQGSZW,14.64,04/02/19,1:1,12.84,12.94,13.28,,,,
,
Metcash Last Sale Price $4.16,
MTSIOO,2.75,15/12/11,1:1,1.495,1.505,1.58,,,,
MTSIOI,4.00,15/12/11,1:1,.545,.555,.605,,,,
MTSIOL,3.50,25/05/12,1:1,1.135,1.145,,,,,
MTSSWD,2.31,30/06/16,1:1,2.03,,1.78,,,,
MTSSZX,1.79,04/02/19,1:1,2.34,2.37,2.33,,,,
,
Myer Hldgs Last Sale Price $2.31,
MYRIOM,2.00,25/05/12,1:1,.70,.71,.93,,,,
MYRSOE,1.25,23/06/16,1:1,1.30,1.31,,,,,
MYRSZW,1.11,28/12/17,1:1,1.195,1.20,1.53,,,,
MYRSZX,1.68,04/02/19,1:1,.625,.63,.765,,,,
,
National Aust Bank Last Sale Price $24.00,
NABION,24.00,29/09/11,1:1,1.385,1.395,1.395,-25.5,437,,
NABIZQ,13.80,02/12/11,1:1,10.55,10.56,10.74,,,,
NABIOO,16.00,15/12/11,1:1,8.63,8.64,8.91,-59,5,,
NABIOI,22.50,15/12/11,1:1,3.66,3.67,3.77,,,,
NABIOR,20.00,24/01/12,1:1,5.69,5.70,,,,,
NABIOS,25.00,24/01/12,1:1,2.88,2.89,,,,,
NABIOU,15.50,29/03/12,1:1,9.68,9.69,10.59,,,,
NABIZJ,20.25,29/03/12,1:1,5.52,5.53,6.80,,,,
NABIO1,12.00,11/05/12,1:1,13.77,13.78,13.78,,,,
NABIOL,21.50,25/05/12,1:1,5.66,5.67,5.80,,,,
NABIOE,15.00,28/06/12,1:1,10.67,10.68,,,,,
NABIOF,20.00,28/06/12,1:1,7.11,7.12,6.88,,,,
NABSOA,23.90,28/06/12,1:1,4.33,4.34,4.35,+26,25,,
NABISM,27.70,28/06/12,1:1,4.98,5.59,,,,,
NABSSR,7.35,29/06/12,1:1,17.30,17.31,19.70,,,,
NABSSS,14.79,29/06/12,1:1,10.53,10.54,11.00,,,,
NABSST,19.33,29/06/12,1:1,7.26,7.27,7.86,,,,
NABSMW,24.83,29/06/12,1:1,2.00,,3.06,,,,
NABSSC,26.38,29/06/12,1:1,1.755,1.855,,,,,
NABMMI,26.99,29/06/12,1:1,3.78,,.74,,,,
NABIZR,15.00,03/12/12,1:1,11.21,11.22,11.99,,,,
NABIZW,15.00,03/12/12,1:1,11.21,11.22,,,,,
NABIZZ,15.00,03/12/12,1:1,11.21,11.22,10.87,,,,
NABSOB,13.72,27/06/13,1:1,11.87,11.88,13.38,,,,
NABSMZ,15.14,28/06/13,1:1,9.96,,11.71,,,,
NABSMA,20.71,28/06/13,1:1,4.79,,6.13,,,,
NABSOC,7.20,26/06/14,1:1,17.37,17.38,18.87,,,,
NABSSA,21.53,30/06/14,1:1,6.78,,8.23,,,,
NABSOD,16.38,26/06/15,1:1,11.43,11.44,13.09,,,,
NABSWM,8.76,30/06/15,1:1,15.91,,16.11,,,,
NABSZA,12.14,30/06/15,1:1,12.80,,13.33,,,,
NABSMC,13.98,30/06/15,1:1,12.50,,14.59,,,,
NABSSB,16.03,30/06/15,1:1,10.73,,12.10,,,,
NABSOE,11.50,23/06/16,1:1,14.43,14.44,,,,,
NABSOF,14.00,23/06/16,1:1,12.98,12.99,,,,,
NABSWG,13.10,30/06/16,1:1,14.02,14.05,13.65,,,,
NABSWB,13.31,30/06/16,1:1,11.84,,13.11,,,,
NABSWC,19.76,30/06/16,1:1,6.14,,6.91,,,,
NABSZB,20.72,30/06/16,1:1,7.50,,7.96,,,,
NABSMX,22.21,30/06/16,1:1,4.98,,5.65,,,,
NABSWD,29.81,30/06/16,1:1,.70,,1.35,,,,
NABSMY,27.87,30/06/17,1:1,3.46,,3.92,,,,
NABSZD,12.83,28/06/18,1:1,12.02,,12.72,,,,
NABSMB,20.71,29/06/18,1:1,5.94,,6.31,,,,
NABSZX,8.12,04/02/19,1:1,15.87,15.88,15.98,,,,
NABSZW,12.66,04/02/19,1:1,11.33,11.34,11.35,-23,7,,
,
Newcrest Min Last Sale Price $39.55,
NCMION,38.00,29/09/11,1:1,3.71,3.72,4.59,,,,
NCMIOO,20.00,15/12/11,1:1,20.22,20.23,20.89,,,,
NCMIOI,30.00,15/12/11,1:1,11.10,11.11,11.07,-48,25,,
NCMIOR,30.00,24/01/12,1:1,11.32,11.33,,,,,
NCMIOS,35.00,24/01/12,1:1,7.61,7.62,,,,,
NCMIZJ,28.35,29/03/12,1:1,12.97,12.98,11.30,,,,
NCMIO1,18.00,11/05/12,1:1,22.98,22.99,,,,,
NCMIOM,25.00,25/05/12,1:1,16.70,16.71,,,,,
NCMISM,40.81,28/06/12,1:1,5.73,6.66,,,,,
NCMSSR,23.78,29/06/12,1:1,17.84,17.88,18.34,,,,
NCMIZZ,23.50,03/12/12,1:1,18.81,18.82,,,,,
NCMSOB,18.74,27/06/13,1:1,23.28,23.29,22.70,,,,
NCMSMA,25.69,28/06/13,1:1,16.05,,12.82,,,,
NCMSMC,20.53,30/06/15,1:1,24.59,,,,,,
NCMSSB,26.45,30/06/15,1:1,20.82,,20.32,,,,
NCMSOE,18.00,23/06/16,1:1,26.16,26.17,,,,,
NCMSWG,20.36,30/06/16,1:1,24.97,24.99,23.49,,,,
NCMSZX,17.96,04/02/19,1:1,21.58,21.59,22.24,,,,
,
News Corp Last Sale Price $14.94,
NWSIZQ,10.20,02/12/11,1:1,4.97,5.07,5.37,,,,
NWSIOO,9.00,15/12/11,1:1,6.23,6.24,9.96,,,,
NWSIOI,13.00,15/12/11,1:1,2.91,2.92,3.11,,,,
NWSMMI,15.54,29/06/12,1:1,2.43,,.615,,,,
NWSIZZ,9.50,03/12/12,1:1,6.76,6.81,,,,,
NWSSMA,14.71,28/06/13,1:1,2.20,,3.17,,,,
NWSSOC,7.35,26/06/14,1:1,8.94,8.95,9.27,,,,
NWSSWG,9.09,30/06/16,1:1,8.96,8.98,10.30,,,,
NWSSZW,6.49,28/12/17,1:1,8.40,8.45,,,,,
NWSSZX,9.19,04/02/19,1:1,5.70,5.75,6.02,,,,
,
Origin Energy Last Sale Price $14.69,
ORGIZQ,7.98,02/12/11,1:1,6.89,6.92,6.98,-7,12,,
ORGIOO,10.56,15/12/11,1:1,4.51,4.52,4.52,-53,60,,
ORGISM,16.92,28/06/12,1:1,1.99,2.37,3.10,,,,
ORGSMW,4.81,29/06/12,1:1,10.30,,11.35,,,,
ORGSSR,7.25,29/06/12,1:1,8.07,8.08,8.93,,,,
ORGSST,10.71,29/06/12,1:1,5.17,5.18,,,,,
ORGIZZ,9.50,03/12/12,1:1,6.44,6.47,6.85,,,,
ORGSMA,4.33,28/06/13,1:1,10.70,,11.67,,,,
ORGSOC,7.14,26/06/14,1:1,8.58,8.59,9.18,,,,
ORGSMC,9.10,30/06/15,1:1,7.72,,9.26,,,,
ORGSOE,8.00,23/06/16,1:1,8.85,8.86,,,,,
ORGSWB,3.31,30/06/16,1:1,11.66,,12.22,,,,
ORGSWG,9.00,30/06/16,1:1,8.41,8.44,8.79,,,,
ORGSMB,3.98,29/06/18,1:1,11.02,,11.80,,,,
ORGSZX,6.81,04/02/19,1:1,7.85,7.88,8.30,,,,
ORGSZW,9.07,04/02/19,1:1,5.59,5.62,5.95,,,,
,
Orica Last Sale Price $25.71,
ORIIZQ,11.54,02/12/11,1:1,14.48,14.47,15.90,,,,
ORIIOO,13.22,15/12/11,1:1,12.98,12.99,14.24,,,,
ORIIOL,20.00,25/05/12,1:1,7.86,7.87,,,,,
ORISSR,2.78,29/06/12,1:1,23.20,23.21,24.29,,,,
ORISMW,13.86,29/06/12,1:1,12.88,,14.43,,,,
ORISST,17.02,29/06/12,1:1,10.39,10.40,,,,,
ORIIZZ,15.00,03/12/12,1:1,12.40,12.39,,,,,
ORISMA,15.35,28/06/13,1:1,11.67,,12.06,,,,
ORISOC,3.56,26/06/14,1:1,22.46,22.47,23.48,,,,
ORISSA,14.00,30/06/14,1:1,13.26,,6.35,,,,
ORISMC,11.66,30/06/15,1:1,16.05,,16.48,,,,
ORISOE,13.50,23/06/16,1:1,15.12,15.13,,,,,
ORISWB,9.54,30/06/16,1:1,16.98,,14.63,,,,
ORISWG,13.50,30/06/16,1:1,15.20,15.21,,,,,
ORISMY,15.38,30/06/17,1:1,11.47,,9.39,,,,
ORISMB,16.75,29/06/18,1:1,10.40,,10.39,,,,
ORISZX,10.84,04/02/19,1:1,14.89,14.88,15.25,,,,
,
Oil Search Last Sale Price $6.83,
OSHIOO,4.00,15/12/11,1:1,2.99,3.00,3.02,+36,10,,
OSHIZZ,4.00,03/12/12,1:1,3.32,3.33,3.22,,,,
OSHSMZ,3.58,28/06/13,1:1,3.54,,2.62,,,,
OSHSZX,3.07,04/02/19,1:1,3.76,3.77,3.58,,,,
,
OneSteel Last Sale Price $1.76,
OSTIOO,2.00,15/12/11,1:1,.21,.22,.28,,,,
OSTIOL,1.80,25/05/12,1:1,.435,.445,.52,,,,
OSTSMA,4.03,28/06/13,1:1,.265,,.23,,,,
OSTSZD,3.83,28/06/18,1:1,.625,,,,,,
,
OZ Minerals Last Sale Price $13.63,
OZLIOO,7.77,15/12/11,1:1,6.17,6.18,6.60,,,,
OZLIOI,11.27,15/12/11,1:1,3.15,3.16,3.10,-20,10,,
OZLSOA,42.16,28/06/12,1:1,.29,.30,.30,-2,20,,
OZLSOB,16.71,27/06/13,1:1,2.97,2.98,2.94,-12,5,,
OZLSMZ,24.98,28/06/13,1:1,1.69,,.76,,,,
OZLSOE,5.50,23/06/16,1:1,9.36,9.37,,,,,
OZLSOF,7.00,23/06/16,1:1,8.73,8.74,,,,,
OZLSZB,13.68,30/06/16,1:1,5.50,6.00,5.53,,,,
OZLSWB,17.51,30/06/16,1:1,2.71,,2.33,,,,
OZLSZX,6.50,04/02/19,1:1,7.15,7.14,6.63,,,,
,
Pacific Brands Last Sale Price $0.65,
PBGSMA,1.82,28/06/13,1:1,.115,,.50,,,,
PBGSWB,1.07,30/06/16,1:1,.015,,.01,,,,
,
Paladin Energy Last Sale Price $2.62,
PDNIOO,2.50,15/12/11,1:1,.615,.625,.64,,,,
PDNIOI,4.00,15/12/11,1:1,.225,.235,.29,,,,
,
Perpetual Last Sale Price $23.58,
PPTSMW,56.14,29/06/12,1:1,3.79,,3.80,,,,
PPTSMX,51.75,30/06/16,1:1,3.49,,3.58,,,,
PPTSMY,62.23,30/06/17,1:1,4.21,,9.88,,,,
PPTSZU,16.56,04/02/19,1:1,6.96,7.03,8.09,,,,
PPTSZX,18.82,04/02/19,1:1,4.69,4.76,4.81,-134,110,,
,
Primary Health Care Last Sale Price $3.24,
PRYSMA,3.92,28/06/13,1:1,.31,,2.15,,,,
PRYSZC,4.91,30/06/17,1:1,.60,,2.20,,,,
PRYSZU,1.69,04/02/19,1:1,1.52,1.555,,,,,
PRYSZX,2.27,04/02/19,1:1,.94,.975,1.19,,,,
,
Platinum Asset Last Sale Price $3.90,
PTMSMW,6.63,29/06/12,1:1,.44,,.455,,,,
PTMSMA,2.50,28/06/13,1:1,1.675,,1.90,,,,
PTMSZC,6.48,30/06/17,1:1,1.085,,.915,,,,
,
Qantas Airways Last Sale Price $1.85,
QANIZQ,1.40,02/12/11,1:1,.49,.49,.46,,,,
QANIOO,1.75,15/12/11,1:1,.315,.325,.34,,,,
QANIOL,1.80,25/05/12,1:1,.455,.465,,,,,
QANSSR,1.56,29/06/12,1:1,.50,.51,.80,,,,
QANSST,1.65,29/06/12,1:1,.465,.475,,,,,
QANIZR,1.25,03/12/12,1:1,.80,.80,,,,,
QANIZZ,1.25,03/12/12,1:1,.80,.80,.94,,,,
QANSMA,2.91,28/06/13,1:1,.19,,.205,,,,
QANSOC,1.54,26/06/14,1:1,.805,.815,1.135,,,,
QANSSA,4.19,30/06/14,1:1,.395,,.64,,,,
QANSZA,1.06,30/06/15,1:1,.89,,4.02,,,,
QANSMC,1.79,30/06/15,1:1,.855,,1.50,,,,
QANSSB,3.08,30/06/15,1:1,.585,,1.41,,,,
QANSOE,1.00,23/06/16,1:1,1.145,1.155,,,,,
QANSWG,1.40,30/06/16,1:1,1.00,1.02,1.14,,,,
QANSZB,1.94,30/06/16,1:1,.495,,.72,,,,
QANSWB,2.01,30/06/16,1:1,.165,,,,,,
QANSMX,2.92,30/06/16,1:1,.305,,.64,,,,
QANSZC,4.23,30/06/17,1:1,.58,,.695,,,,
QANSZT,0.76,28/12/17,1:1,1.09,1.09,,,,,
QANSZU,1.14,04/02/19,1:1,.71,.71,.76,,,,
QANSZX,1.47,04/02/19,1:1,.38,.38,.35,,,,
,
QBE Insurance Grp Last Sale Price $16.40,
QBEIZQ,11.30,02/12/11,1:1,5.39,5.45,5.55,,,,
QBEIOO,13.00,15/12/11,1:1,4.12,4.13,4.15,-15,530,,
QBEIOI,20.00,15/12/11,1:1,1.13,1.14,1.39,,,,
QBEJZ2,11.61,22/12/11,1:1,4.73,4.79,5.19,,,,
QBEIOU,12.00,29/03/12,1:1,5.63,5.64,6.20,,,,
QBEIZJ,13.50,29/03/12,1:1,4.15,4.20,4.58,,,,
QBEIO1,8.50,11/05/12,1:1,9.01,9.02,,,,,
QBEIOL,15.00,25/05/12,1:1,3.87,3.88,4.25,,,,
QBEIOE,10.00,28/06/12,1:1,7.47,7.48,,,,,
QBESOA,17.44,28/06/12,1:1,2.44,2.45,2.61,,,,
QBEISM,18.74,28/06/12,1:1,3.55,3.99,,,,,
QBESSR,13.74,29/06/12,1:1,4.19,4.22,4.97,,,,
QBESMW,19.34,29/06/12,1:1,1.275,,1.285,,,,
QBEMMI,22.05,29/06/12,1:1,3.40,,3.49,,,,
QBEIZR,11.00,03/12/12,1:1,7.08,7.13,,,,,
QBEIZW,11.00,03/12/12,1:1,7.08,7.13,,,,,
QBEIZZ,11.00,03/12/12,1:1,7.08,7.13,7.09,-68,13,,
QBESOB,9.71,27/06/13,1:1,7.84,7.85,9.07,,,,
QBESMA,17.35,28/06/13,1:1,1.72,,1.93,,,,
QBESOC,9.20,26/06/14,1:1,8.86,8.87,10.90,,,,
QBESSA,20.94,30/06/14,1:1,2.59,,2.76,,,,
QBESOD,14.46,26/06/15,1:1,6.29,6.30,6.82,,,,
QBESZA,2.21,30/06/15,1:1,14.08,,15.86,,,,
QBESMC,11.61,30/06/15,1:1,7.51,,10.09,,,,
QBESSB,13.67,30/06/15,1:1,6.08,,8.00,,,,
QBESOE,8.00,23/06/16,1:1,9.81,9.82,,,,,
QBESOF,10.00,23/06/16,1:1,8.70,8.71,,,,,
QBESWB,6.91,30/06/16,1:1,10.10,,10.71,,,,
QBESWG,10.06,30/06/16,1:1,8.78,8.80,9.67,,,,
QBESMX,11.47,30/06/16,1:1,5.71,,6.19,,,,
QBESWC,11.85,30/06/16,1:1,5.97,,5.98,-146,3,,
QBESZB,12.69,30/06/16,1:1,5.48,,6.11,,,,
QBESWD,19.97,30/06/16,1:1,.50,,.465,,,,
QBESZC,19.12,30/06/17,1:1,3.74,,4.63,,,,
QBESMY,21.25,30/06/17,1:1,1.71,,1.775,,,,
QBESZD,11.47,28/06/18,1:1,5.95,,6.34,,,,
QBESMB,18.04,29/06/18,1:1,2.50,,3.47,,,,
QBESZW,8.52,04/02/19,1:1,7.83,7.89,8.56,,,,
QBESZX,11.18,04/02/19,1:1,5.16,5.22,5.56,,,,
,
QR National Last Sale Price $3.36,
QRNIOC,1.25,24/11/11,1:1,2.18,2.19,2.03,,,,
QRNSOE,1.80,23/06/16,1:1,2.12,2.13,,,,,
QRNSZX,1.44,04/02/19,1:1,1.93,1.925,,,,,
,
Russell High Div Last Sale Price $23.02,
RDVSOZ,13.42,23/06/16,1:1,12.93,12.94,13.10,,,,
,
Rio Tinto Last Sale Price $80.00,
RIOION,85.00,29/09/11,1:1,3.75,3.76,4.84,,,,
RIOIZQ,36.30,02/12/11,1:1,44.60,44.61,44.64,-167,5,,
RIOIOO,45.00,15/12/11,1:1,36.58,36.59,36.55,-156,10,,
RIOIOI,65.00,15/12/11,1:1,19.24,19.25,19.71,-58,30,,
RIOIOR,70.00,24/01/12,1:1,16.37,16.38,,,,,
RIOIOS,80.00,24/01/12,1:1,10.41,10.42,,,,,
RIOIOU,50.00,29/03/12,1:1,33.95,33.96,36.00,,,,
RIOIZJ,60.10,29/03/12,1:1,24.24,24.25,24.35,,,,
RIOIO1,39.00,11/05/12,1:1,45.44,45.45,,,,,
RIOIOL,50.00,25/05/12,1:1,34.69,34.70,,,,,
RIOIOM,72.50,25/05/12,1:1,18.90,18.91,20.80,,,,
RIOSOA,52.64,28/06/12,1:1,32.74,32.75,34.51,,,,
RIOIOE,60.00,28/06/12,1:1,27.77,27.78,,,,,
RIOISM,89.68,28/06/12,1:1,8.61,10.71,,,,,
RIOSMW,38.82,29/06/12,1:1,44.18,,46.65,,,,
RIOSSR,44.35,29/06/12,1:1,39.53,39.55,38.85,,,,
RIOSST,53.11,29/06/12,1:1,32.14,32.16,,,,,
RIOSSC,81.46,29/06/12,1:1,7.67,7.68,,,,,
RIOIZZ,46.00,03/12/12,1:1,39.58,39.59,,,,,
RIOSOB,53.47,27/06/13,1:1,39.82,39.83,41.64,,,,
RIOSMA,72.89,28/06/13,1:1,15.59,,17.05,,,,
RIOSOC,37.05,26/06/14,1:1,51.45,51.46,49.13,,,,
RIOSSA,50.15,30/06/14,1:1,38.97,,41.96,,,,
RIOSOD,45.72,26/06/15,1:1,46.23,46.24,47.33,,,,
RIOSZA,2.51,30/06/15,1:1,72.65,,118.20,,,,
RIOSMC,40.45,30/06/15,1:1,49.55,,54.96,,,,
RIOSOE,37.50,23/06/16,1:1,52.01,52.02,,,,,
RIOSOF,46.00,23/06/16,1:1,47.76,47.77,,,,,
RIOSWB,23.87,30/06/16,1:1,57.94,,58.07,-231,1,,
RIOSWG,45.67,30/06/16,1:1,49.04,49.06,49.86,,,,
RIOSMX,46.07,30/06/16,1:1,37.19,,28.16,,,,
RIOSZB,46.78,30/06/16,1:1,39.73,,41.12,,,,
RIOSWC,56.71,30/06/16,1:1,30.01,,,,,,
RIOSWD,79.33,30/06/16,1:1,20.97,,23.87,,,,
RIOSMY,44.53,30/06/17,1:1,38.87,,44.91,,,,
RIOSMB,72.89,29/06/18,1:1,22.47,,24.15,,,,
RIOSZX,3.72,04/02/19,1:1,76.27,76.28,83.70,,,,
RIOSZW,29.35,04/02/19,1:1,50.65,50.66,51.66,,,,
RIOSZU,33.91,04/02/19,1:1,46.08,46.09,46.30,,,,
RIOSZV,39.99,04/02/19,1:1,40.00,40.01,42.67,,,,
,
ResMed Inc Last Sale Price $2.73,
RMDSZW,1.16,28/12/17,1:1,1.565,1.57,,,,,
RMDSZX,1.81,04/02/19,1:1,.915,.92,1.33,,,,
,
Seek Last Sale Price $6.62,
SEKSMA,4.27,28/06/13,1:1,2.69,,3.00,,,,
,
SPDR 50 Fund Last Sale Price $42.47,
SFYIOL,24.50,25/05/12,1:1,19.93,19.94,19.94,-38,13,,
SFYIZ1,23.10,29/06/12,1:1,20.45,,21.50,,,,
SFYSOE,18.50,23/06/16,1:1,27.97,27.98,,,,,
SFYSZX,18.46,04/02/19,1:1,23.93,24.04,26.93,,,,
SFYSZW,23.43,04/02/19,1:1,18.95,19.06,20.96,,,,
SFYSOX,22.06,19/11/20,1:1,20.28,,,,,,
,
Stockland Last Sale Price $3.05,
SGPSOA,4.86,28/06/12,1:1,.31,.32,3.45,,,,
SGPSMW,5.57,29/06/12,1:1,.37,,.135,,,,
SGPSMA,4.20,28/06/13,1:1,.275,,.325,,,,
SGPSMY,5.96,30/06/17,1:1,.40,,.935,,,,
SGPSZW,1.29,28/12/17,1:1,1.745,1.76,,,,,
SGPSMB,4.90,29/06/18,1:1,.325,,2.24,,,,
SGPSZU,1.81,04/02/19,1:1,1.23,1.245,1.30,,,,
SGPSZX,2.12,04/02/19,1:1,.915,.93,1.065,,,,
,
Singapore Tel Last Sale Price $2.52,
SGTSMA,2.01,28/06/13,1:1,.67,,.715,,,,
,
Sonic Healthcare Last Sale Price $12.14,
SHLIZQ,7.20,02/12/11,1:1,5.10,5.13,5.85,,,,
SHLIZR,7.50,03/12/12,1:1,5.63,5.66,,,,,
SHLIZZ,7.50,03/12/12,1:1,5.63,5.66,,,,,
SHLSMA,10.11,28/06/13,1:1,2.80,,7.41,,,,
SHLSMC,7.65,30/06/15,1:1,6.54,,6.37,,,,
SHLSWC,5.74,30/06/16,1:1,6.85,,5.96,,,,
SHLSWG,6.75,30/06/16,1:1,7.25,7.27,7.24,,25,,
SHLSZB,10.41,30/06/16,1:1,3.54,,3.63,,,,
SHLSZX,5.87,04/02/19,1:1,6.25,6.28,5.28,,,,
SHLSZW,7.80,04/02/19,1:1,4.32,4.35,4.22,,,,
,
Spark Infrastructure Last Sale Price $1.30,
SKISZX,0.55,04/02/19,1:1,.735,.75,.77,,,,
,
SPDR Prop Fund Last Sale Price $7.25,
SLFIOL,4.00,25/05/12,1:1,3.56,3.57,3.82,,,,
SLFSOA,13.26,28/06/12,1:1,.65,.66,2.23,,,,
SLFSMW,15.11,29/06/12,1:1,1.02,,1.04,,,,
SLFSMA,10.49,28/06/13,1:1,.70,,.83,,,,
SLFSZB,9.70,30/06/16,1:1,1.54,,1.915,,,,
SLFSZX,3.19,04/02/19,1:1,4.00,4.07,4.57,,,,
SLFSZW,4.35,04/02/19,1:1,2.83,2.90,3.78,,,,
SLFSOX,3.97,19/11/20,1:1,3.22,,,,,,
,
Isharess&amp;P500etfnyse,
SP5SZ5,120.20,29/06/12,1:1,17.97,,,,,,
SP5SZ3,133.32,29/06/12,1:1,10.75,,,,,,
SP5SZ4,133.32,29/06/12,1:1,10.31,,,,,,
SP5SZ1,139.12,29/06/12,1:1,7.75,,,,,,
,
Santos Last Sale Price $12.88,
STOIZQ,7.00,02/12/11,1:1,6.05,6.06,6.07,,,,
STOIOO,9.00,15/12/11,1:1,4.26,4.27,4.50,,,,
STOIOI,13.00,15/12/11,1:1,1.44,1.45,1.45,,,,
STOIOU,10.00,29/03/12,1:1,3.92,3.93,3.87,,,,
STOIOL,12.50,25/05/12,1:1,2.62,2.63,2.60,,10,,
STOSOA,7.60,28/06/12,1:1,5.94,5.95,6.32,,,,
STOIOE,8.00,28/06/12,1:1,5.80,5.81,,,,,
STOISM,14.52,28/06/12,1:1,1.77,2.09,,,,,
STOSSR,6.85,29/06/12,1:1,6.63,6.64,7.11,,,,
STOSST,9.86,29/06/12,1:1,4.23,4.24,,,,,
STOIZZ,9.00,03/12/12,1:1,5.09,5.10,,,,,
STOSOB,10.34,27/06/13,1:1,5.10,5.11,6.23,,,,
STOSMA,6.89,28/06/13,1:1,6.57,,7.88,,,,
STOSOC,6.74,26/06/14,1:1,7.43,7.44,10.53,,,,
STOSOD,8.87,26/06/15,1:1,6.81,6.82,9.93,,,,
STOSZA,2.75,30/06/15,1:1,10.10,,12.21,,,,
STOSMC,8.51,30/06/15,1:1,6.78,,7.09,,,,
STOSOE,6.50,23/06/16,1:1,8.15,8.16,,,,,
STOSWB,6.07,30/06/16,1:1,7.51,,7.12,,,,
STOSZB,6.79,30/06/16,1:1,6.48,,6.32,,,,
STOSWG,7.38,30/06/16,1:1,7.70,7.71,9.32,,,,
STOSZW,6.51,04/02/19,1:1,6.36,6.37,6.71,,,,
STOSZX,8.21,04/02/19,1:1,4.66,4.67,4.75,,,,
,
SPDR 200 Fund Last Sale Price $41.37,
STWIZQ,23.40,02/12/11,1:1,18.58,18.56,22.82,,,,
STWIO1,22.00,11/05/12,1:1,21.84,21.85,,,,,
STWIOM,24.00,25/05/12,1:1,19.61,19.62,,,,,
STWSOA,37.39,28/06/12,1:1,8.70,8.71,9.86,,,,
STWSSR,21.18,29/06/12,1:1,21.46,22.11,25.35,,,,
STWSST,31.82,29/06/12,1:1,13.54,13.64,,,,,
STWSMW,35.02,29/06/12,1:1,8.89,,10.50,,,,
STWSZ5,39.83,29/06/12,1:1,6.38,,,,,,
STWSSC,43.98,29/06/12,1:1,3.57,3.58,4.19,,,,
STWSZ3,44.07,29/06/12,1:1,4.04,,,,,,
STWSZ4,44.07,29/06/12,1:1,3.76,,,,,,
STWMMI,46.81,29/06/12,1:1,5.68,,1.445,,,,
STWIZW,26.00,03/12/12,1:1,18.78,18.76,19.35,,,,
STWSMA,32.22,28/06/13,1:1,11.91,,14.52,,,,
STWSOC,16.32,26/06/14,1:1,26.90,26.91,31.03,,,,
STWSOD,27.06,26/06/15,1:1,20.69,20.70,21.63,,,,
STWSOE,19.50,23/06/16,1:1,25.79,25.80,,,,,
STWSOF,23.50,23/06/16,1:1,23.58,23.59,,,,,
STWSWB,20.03,30/06/16,1:1,23.00,,23.74,,,,
STWSWC,25.39,30/06/16,1:1,18.60,,19.33,,,,
STWSWG,25.89,30/06/16,1:1,21.93,21.96,21.97,-31,5,,
STWSZB,28.29,30/06/16,1:1,15.75,,20.54,,,,
STWSWD,32.68,30/06/16,1:1,13.54,,14.32,,,,
STWSZC,42.05,30/06/17,1:1,9.73,,12.46,,,,
STWSZX,16.77,04/02/19,1:1,24.63,24.61,26.60,,,,
STWSZU,20.82,04/02/19,1:1,20.58,20.56,21.90,,,,
STWSZW,25.72,04/02/19,1:1,15.68,15.66,16.15,,,,
STWSZV,33.76,04/02/19,1:1,7.64,7.62,8.70,,,,
STWSOX,22.65,19/11/20,1:1,18.75,,19.30,,,,
,
Suncorp Grp Last Sale Price $7.40,
SUNIZQ,4.60,02/12/11,1:1,2.92,2.92,3.75,,,,
SUNIOO,5.00,15/12/11,1:1,2.65,2.66,3.05,,,,
SUNIOI,8.00,15/12/11,1:1,.815,.825,.985,,,,
SUNIOM,4.50,25/05/12,1:1,3.32,3.33,,,,,
SUNISM,8.81,28/06/12,1:1,1.21,1.415,,,,,
SUNSOA,13.24,28/06/12,1:1,.395,.405,.44,,,,
SUNSSR,3.26,29/06/12,1:1,4.43,4.44,5.70,,,,
SUNSST,5.28,29/06/12,1:1,2.69,2.70,,,,,
SUNIZR,5.00,03/12/12,1:1,3.13,3.13,,,,,
SUNIZW,5.00,03/12/12,1:1,3.13,3.13,,,,,
SUNIZZ,5.00,03/12/12,1:1,3.13,3.13,3.32,,,,
SUNSOB,6.65,27/06/13,1:1,2.53,2.54,3.41,,,,
SUNSMA,9.09,28/06/13,1:1,.605,,.81,,,,
SUNSOC,4.13,26/06/14,1:1,4.06,4.07,4.19,,,,
SUNSSA,12.94,30/06/14,1:1,1.075,,1.18,,,,
SUNSMC,4.84,30/06/15,1:1,3.79,,,,,,
SUNSZA,6.19,30/06/15,1:1,2.47,,3.35,,,,
SUNSSB,8.56,30/06/15,1:1,1.99,,2.73,,,,
SUNSOE,4.00,23/06/16,1:1,4.38,4.39,,,,,
SUNSWG,4.69,30/06/16,1:1,4.19,4.21,4.85,,,,
SUNSWB,9.14,30/06/16,1:1,.99,,1.44,,,,
SUNSZB,11.22,30/06/16,1:1,1.71,,2.39,,,,
SUNSWC,12.44,30/06/16,1:1,.435,,.66,,,,
SUNSMX,15.28,30/06/16,1:1,1.035,,.90,,,,
SUNSWD,15.68,30/06/16,1:1,.30,,.35,,,,
SUNSZC,8.46,30/06/17,1:1,2.01,,.04,,,,
SUNSZD,8.08,28/06/18,1:1,2.13,,3.22,,,,
SUNSMB,9.79,29/06/18,1:1,.97,,2.67,,,,
SUNSZX,2.68,04/02/19,1:1,4.73,4.73,5.42,,,,
SUNSZW,4.18,04/02/19,1:1,3.22,3.22,3.46,,,,
,
Seven West Media Last Sale Price $3.58,
SWMSZW,1.67,28/12/17,1:1,1.90,1.915,,,,,
SWMSZX,2.56,04/02/19,1:1,1.005,1.02,1.03,+3,90,,
SWMSZU,3.07,04/02/19,1:1,.495,.51,.465,,,,
,
SPDR MSCI Aus Sel HDY Last Sale Price $22.91,
SYISZX,12.48,04/02/19,1:1,10.38,10.45,12.94,,,,
SYISOX,12.66,19/11/20,1:1,10.21,,,,,,
,
TAH Egp Options,
TA8SSR,2.69,29/06/12,1:1,4.75,4.76,,,,,
TA8SSA,9.04,30/06/14,1:1,.99,,,,,,
,
Tabcorp Hldgs Last Sale Price $3.22,
TAHJZ2,2.12,22/12/11,1:1,1.075,1.10,.98,,,,
TAHIOF,1.75,28/06/12,1:1,1.655,1.665,1.735,,,,
TAHSST,2.36,29/06/12,1:1,1.105,1.115,,,,,
TAHSMW,6.18,29/06/12,1:1,.40,,.41,,,,
TAHIZZ,0.58,03/12/12,1:1,2.67,2.70,,,,,
TAHSMA,2.83,28/06/13,1:1,.70,,1.13,,,,
TAHSZA,1.13,30/06/15,1:1,2.14,,2.90,,,,
TAHSOE,1.50,23/06/16,1:1,1.88,1.89,,,,,
TAHSWB,1.64,30/06/16,1:1,1.81,,1.81,-2,5,,
TAHSWD,4.60,30/06/16,1:1,.15,,.135,,,,
TAHSMX,5.59,30/06/16,1:1,.36,,.575,,,,
TAHSZB,6.71,30/06/16,1:1,.56,,.56,,,,
TAHSMY,7.32,30/06/17,1:1,.48,,.60,,,,
TAHSMB,3.18,29/06/18,1:1,.535,,,,,,
TAHSZX,1.27,04/02/19,1:1,1.93,1.955,1.93,-3,11,,
TAHSZW,1.82,04/02/19,1:1,1.38,1.405,1.275,,,,
,
Transurban Grp Last Sale Price $5.11,
TCLIZQ,2.70,02/12/11,1:1,2.48,2.48,2.60,,,,
TCLSOA,4.43,28/06/12,1:1,1.365,1.375,1.74,,,,
TCLSSR,1.88,29/06/12,1:1,3.40,3.41,3.56,,,,
TCLSST,3.71,29/06/12,1:1,1.82,1.83,,,,,
TCLMMI,4.49,29/06/12,1:1,1.15,,,,,,
TCLSMW,5.11,29/06/12,1:1,.51,,.565,,,,
TCLSMA,3.95,28/06/13,1:1,1.48,,1.695,,,,
TCLSZA,2.00,30/06/15,1:1,3.15,,2.96,,,,
TCLSSB,3.44,30/06/15,1:1,2.65,,2.80,,,,
TCLSOE,2.50,23/06/16,1:1,3.04,3.05,,,,,
TCLSWB,2.51,30/06/16,1:1,2.82,,3.03,,,,
TCLSWG,2.87,30/06/16,1:1,3.04,3.06,3.27,,,,
TCLSZB,3.27,30/06/16,1:1,2.17,,2.22,,,,
TCLSMX,4.06,30/06/16,1:1,1.38,,1.25,,,,
TCLSMY,5.49,30/06/17,1:1,.84,,.78,,,,
TCLSMB,4.30,29/06/18,1:1,1.305,,2.91,,,,
TCLSZX,1.90,04/02/19,1:1,3.21,3.21,2.14,,,,
TCLSZW,2.92,04/02/19,1:1,2.20,2.20,2.34,,,,
,
Telecom Corp of NZ Last Sale Price $2.07,
TELIZQ,0.90,02/12/11,1:1,1.20,1.195,.63,,,,
TELSMZ,1.76,28/06/13,1:1,.465,,.225,,,,
,
Ten Network Hldgs Last Sale Price $1.08,
TENSWB,1.87,30/06/16,1:1,.20,,.185,,,,
,
Telstra Corp Last Sale Price $2.99,
TLSISZ,2.90,23/09/11,1:1,.26,.27,.27,-1,100,,
TLSIOP,1.80,29/09/11,1:1,1.22,1.23,1.245,-2.5,50,,
TLSSSS,2.76,30/09/11,1:1,.305,.315,.37,,,,
TLSIZQ,1.70,02/12/11,1:1,1.34,1.335,1.37,,,,
TLSIZR,1.70,02/12/11,1:1,1.34,1.335,1.285,,,,
TLSIOO,2.25,15/12/11,1:1,.85,.86,.855,-1.5,70,,
TLSIOI,3.25,15/12/11,1:1,.27,.28,.30,,,,
TLSJZ2,1.97,22/12/11,1:1,1.03,1.025,1.075,,,,
TLSIOR,1.50,24/01/12,1:1,1.585,1.595,,,,,
TLSIOS,1.85,24/01/12,1:1,1.255,1.265,1.25,,,,
TLSIOU,2.00,29/03/12,1:1,1.155,1.165,1.185,-3.5,34,,
TLSIZJ,2.27,29/03/12,1:1,.875,.87,.895,-1,1000,,
TLSIO1,1.30,11/05/12,1:1,1.805,1.815,1.84,,,,
TLSIOL,2.00,25/05/12,1:1,1.175,1.185,1.205,-4,50,,
TLSIOM,2.50,25/05/12,1:1,.805,.815,.85,,,,
TLSIOE,1.50,28/06/12,1:1,1.64,1.65,1.71,,,,
TLSIOF,2.00,28/06/12,1:1,1.205,1.215,,,,,
TLSSOA,2.19,28/06/12,1:1,.98,.99,1.02,,,,
TLSISM,3.18,28/06/12,1:1,.71,.785,,,,,
TLSSMW,1.35,29/06/12,1:1,1.735,,1.785,,,,
TLSSSR,1.77,29/06/12,1:1,1.375,1.385,1.385,-1.5,360,,
TLSSSC,3.15,29/06/12,1:1,.23,.24,.26,,,,
TLSMMI,4.30,29/06/12,1:1,.59,,.17,,,,
TLSIZM,1.75,03/12/12,1:1,1.445,1.44,1.465,,,,
TLSIZW,1.75,03/12/12,1:1,1.445,1.44,1.495,,,,
TLSIZY,1.75,03/12/12,1:1,1.445,1.44,1.47,,,,
TLSIZZ,1.75,03/12/12,1:1,1.445,1.44,1.47,,,,
TLSSOB,1.59,27/06/13,1:1,1.53,1.54,1.59,,,,
TLSSMA,2.25,28/06/13,1:1,.925,,.925,,,,
TLSSOC,1.45,26/06/14,1:1,1.67,1.68,1.59,,,,
TLSSSA,2.52,30/06/14,1:1,.90,,1.22,,,,
TLSSOD,1.91,26/06/15,1:1,1.385,1.395,1.44,,,,
TLSSSB,1.30,30/06/15,1:1,1.805,,1.87,,,,
TLSSZA,1.36,30/06/15,1:1,1.73,,1.705,,,,
TLSSMC,1.58,30/06/15,1:1,1.61,,1.445,,,,
TLSSOE,1.40,23/06/16,1:1,1.725,1.735,1.775,,,,
TLSSOF,1.70,23/06/16,1:1,1.515,1.525,,,,,
TLSSWB,0.99,30/06/16,1:1,2.13,,2.04,,,,
TLSSWG,1.47,30/06/16,1:1,1.78,1.80,1.83,,,,
TLSSWD,2.24,30/06/16,1:1,.94,,.85,,,,
TLSSMX,2.25,30/06/16,1:1,.93,,.715,,,,
TLSSZZ,2.33,30/06/17,1:1,.905,,.61,,,,
TLSSZM,2.41,30/06/17,1:1,.86,,.765,,,,
TLSSZW,1.40,04/02/19,1:1,1.595,1.59,1.58,,,,
TLSSZX,1.68,04/02/19,1:1,1.32,1.315,1.33,-7,70,,
,
Toll Hldgs Last Sale Price $4.53,
TOLIZQ,3.70,02/12/11,1:1,.98,.985,1.02,,,,
TOLIOO,5.00,15/12/11,1:1,.48,.49,.615,,,,
TOLIOU,3.50,29/03/12,1:1,1.47,1.48,1.46,-3,100,,
TOLIOE,3.00,28/06/12,1:1,1.905,1.915,,,,,
TOLSOA,9.39,28/06/12,1:1,.27,.28,.295,,,,
TOLSSR,4.04,29/06/12,1:1,1.10,1.115,2.50,,,,
TOLMMI,5.74,29/06/12,1:1,.92,,,,,,
TOLSM1,10.09,29/06/12,1:1,.68,,.68,,,,
TOLIZR,3.50,03/12/12,1:1,1.67,1.675,,,,,
TOLIZW,3.50,03/12/12,1:1,1.67,1.675,,,,,
TOLIZZ,3.50,03/12/12,1:1,1.67,1.675,,,,,
TOLSOB,2.21,27/06/13,1:1,2.59,2.60,4.29,,,,
TOLSMZ,3.90,28/06/13,1:1,1.115,,1.26,,,,
TOLSMA,6.50,28/06/13,1:1,.43,,.385,,,,
TOLSOC,2.52,26/06/14,1:1,2.55,2.56,3.91,,,,
TOLSSA,8.18,30/06/14,1:1,.705,,1.05,,,,
TOLSOD,5.53,26/06/15,1:1,1.74,1.75,2.73,,,,
TOLSOE,2.50,23/06/16,1:1,2.70,2.71,,,,,
TOLSWG,3.11,30/06/16,1:1,2.48,2.50,,,,,
TOLSWF,3.41,30/06/16,1:1,1.68,,1.96,,,,
TOLSWE,8.16,30/06/16,1:1,.195,,.25,,,,
TOLSMY,0.53,30/06/17,1:1,4.01,,4.57,,,,
TOLSZC,8.95,30/06/17,1:1,1.515,,1.66,,,,
TOLSM2,11.15,30/06/17,1:1,.75,,1.035,,,,
TOLSZD,4.07,28/06/18,1:1,1.765,,,,,,
TOLSMB,7.19,29/06/18,1:1,.825,,1.435,,,,
TOLSZX,2.70,04/02/19,1:1,1.825,1.83,2.03,,,,
TOLSZU,3.30,04/02/19,1:1,1.225,1.23,1.375,,,,
TOLSZV,3.98,04/02/19,1:1,.545,.55,.66,,,,
,
Transpacific Indust Last Sale Price $0.92,
TPISMA,5.29,28/06/13,1:1,.355,,4.97,,,,
,
Tatts Grp Last Sale Price $2.32,
TTSIOO,1.38,15/12/11,1:1,.995,1.005,1.045,,,,
TTSIOF,1.50,28/06/12,1:1,1.02,1.03,,,,,
TTSSSR,1.36,29/06/12,1:1,1.07,1.08,1.145,,,,
TTSSMW,2.56,29/06/12,1:1,.16,,.165,,,,
TTSSMA,2.22,28/06/13,1:1,.32,,.33,,,,
TTSSSB,1.21,30/06/15,1:1,1.255,,1.16,,,,
TTSSZX,1.28,04/02/19,1:1,1.025,1.04,1.015,,,,
,
UGL Last Sale Price $13.42,
UGLSMA,8.39,28/06/13,1:1,5.66,,6.33,,,,
UGLSSB,8.14,30/06/15,1:1,6.23,,8.04,,,,
UGLSWB,6.43,30/06/16,1:1,7.76,,8.16,,,,
UGLSWG,7.00,30/06/16,1:1,7.70,7.72,,,,,
UGLSMB,9.09,29/06/18,1:1,5.27,,6.46,,,,
UGLSZX,4.46,04/02/19,1:1,8.92,8.97,9.02,,,,
UGLSZV,6.97,04/02/19,1:1,6.40,6.45,,,,,
UGLSZW,8.41,04/02/19,1:1,4.98,5.02,6.61,,,,
,
Westpac Banking Last Sale Price $20.42,
WBCION,22.00,29/09/11,1:1,.58,.59,.61,-6,480,,
WBCIZP,13.20,02/12/11,1:1,7.59,7.57,8.33,,,,
WBCIZQ,13.20,02/12/11,1:1,7.59,7.57,7.58,-54,12,,
WBCIOO,14.50,15/12/11,1:1,6.56,6.57,6.63,-18,30,,
WBCIOI,18.00,15/12/11,1:1,3.85,3.86,3.89,-8,35,,
WBCIOR,15.00,24/01/12,1:1,6.48,6.49,,,,,
WBCIOS,20.00,24/01/12,1:1,3.03,3.04,3.07,-10,50,,
WBCIOU,14.50,29/03/12,1:1,7.16,7.17,7.72,,,,
WBCIZJ,17.13,29/03/12,1:1,4.79,4.77,6.04,,,,
WBCIO1,11.00,11/05/12,1:1,10.99,11.00,11.65,,,,
WBCIOL,20.00,25/05/12,1:1,4.18,4.19,4.20,-115,10,,
WBCIOE,12.00,28/06/12,1:1,9.74,9.75,,,,,
WBCSOA,14.10,28/06/12,1:1,7.58,7.59,8.92,,,,
WBCSOY,14.41,28/06/12,1:1,7.60,7.61,9.28,,,,
WBCIOF,16.00,28/06/12,1:1,6.70,6.71,6.85,,,,
WBCISM,24.00,28/06/12,1:1,4.25,4.78,,,,,
WBCSSR,5.90,29/06/12,1:1,15.06,15.07,15.88,,,,
WBCSMW,13.55,29/06/12,1:1,7.85,,8.61,,,,
WBCSSS,14.20,29/06/12,1:1,7.71,7.72,8.52,,,,
WBCSST,17.56,29/06/12,1:1,5.53,5.54,,,,,
WBCMMI,19.94,29/06/12,1:1,3.99,,1.09,,,,
WBCSSC,22.93,29/06/12,1:1,1.495,1.505,,,,,
WBCIZM,14.00,03/12/12,1:1,8.72,8.70,,,,,
WBCIZR,14.00,03/12/12,1:1,8.72,8.70,9.56,,,,
WBCIZW,14.00,03/12/12,1:1,8.72,8.70,9.62,,,,
WBCIZZ,14.00,03/12/12,1:1,8.72,8.70,8.94,,,,
WBCSOZ,7.77,27/06/13,1:1,13.39,13.40,13.85,,,,
WBCSOB,8.18,27/06/13,1:1,12.92,12.93,16.20,,,,
WBCSMZ,11.57,28/06/13,1:1,9.77,,13.14,,,,
WBCSMA,14.36,28/06/13,1:1,7.14,,7.75,,,,
WBCSOC,6.52,26/06/14,1:1,14.59,14.60,18.11,,,,
WBCSS2,13.83,30/06/14,1:1,8.41,,12.67,,,,
WBCSSA,15.04,30/06/14,1:1,7.68,,8.46,,,,
WBCSOD,15.43,26/06/15,1:1,8.98,8.99,9.25,,,,
WBCSZM,3.36,30/06/15,1:1,17.10,,19.80,,,,
WBCSWM,4.19,30/06/15,1:1,16.63,,19.27,,,,
WBCSZA,4.76,30/06/15,1:1,15.89,,17.42,,,,
WBCSSB,12.57,30/06/15,1:1,9.59,,11.98,,,,
WBCSMC,14.21,30/06/15,1:1,9.89,,14.21,,,,
WBCSOE,10.00,23/06/16,1:1,12.27,12.28,,,,,
WBCSOF,12.50,23/06/16,1:1,10.82,10.83,,,,,
WBCSWB,8.07,30/06/16,1:1,13.04,,13.68,,,,
WBCSZZ,10.80,30/06/16,1:1,10.37,,12.43,,,,
WBCSZB,11.90,30/06/16,1:1,9.61,,9.75,,,,
WBCSMX,13.93,30/06/16,1:1,7.50,,9.26,,,,
WBCSWD,16.70,30/06/16,1:1,5.77,,6.60,,,,
WBCSMY,15.45,30/06/17,1:1,6.22,,6.41,,,,
WBCSZC,18.22,30/06/17,1:1,6.22,,8.18,,,,
WBCSZD,10.07,28/06/18,1:1,10.93,,12.00,,,,
WBCSMB,15.05,29/06/18,1:1,6.58,,8.13,,,,
WBCSZX,6.22,04/02/19,1:1,14.22,14.20,14.21,-129,5,,
WBCSZW,8.99,04/02/19,1:1,11.45,11.43,11.60,-3,17,,
WBCSZU,11.25,04/02/19,1:1,9.19,9.17,10.82,,,,
WBCSZV,13.56,04/02/19,1:1,6.89,6.87,6.94,-15,34,,
,
Westfield Grp Last Sale Price $7.96,
WDCIZQ,4.02,02/12/11,1:1,4.00,4.04,4.45,,,,
WDCIOO,5.20,15/12/11,1:1,2.95,2.96,3.26,,,,
WDCIOI,9.20,15/12/11,1:1,.68,.69,1.49,,,,
WDCJZ2,5.91,22/12/11,1:1,2.02,2.06,2.76,,,,
WDCIOR,8.00,24/01/12,1:1,1.045,1.055,,,,,
WDCIZJ,6.78,29/03/12,1:1,1.755,1.785,,,,,
WDCIOL,7.00,25/05/12,1:1,1.985,1.995,2.78,,,,
WDCSOA,8.13,28/06/12,1:1,1.375,1.385,1.99,,,,
WDCISM,9.54,28/06/12,1:1,1.18,1.395,,,,,
WDCSSR,3.20,29/06/12,1:1,5.02,5.03,6.70,,,,
WDCSST,6.49,29/06/12,1:1,2.32,2.33,,,,,
WDCSMW,11.22,29/06/12,1:1,.74,,.785,,,,
WDCIZZ,5.00,03/12/12,1:1,3.57,3.61,3.86,,,,
WDCSMA,7.62,28/06/13,1:1,1.105,,1.11,-62,6,,
WDCSOC,2.30,26/06/14,1:1,5.82,5.83,6.57,,,,
WDCSSA,10.03,30/06/14,1:1,1.97,,6.86,,,,
WDCSOD,4.69,26/06/15,1:1,4.10,4.11,4.85,,,,
WDCSZA,1.79,30/06/15,1:1,6.26,,7.42,,,,
WDCSMC,3.43,30/06/15,1:1,5.10,,7.38,,,,
WDCSSB,7.36,30/06/15,1:1,3.00,,5.37,,,,
WDCSOE,4.50,23/06/16,1:1,4.44,4.45,,,,,
WDCSWB,3.87,30/06/16,1:1,4.48,,4.52,-63,5,,
WDCSWG,5.05,30/06/16,1:1,4.18,4.20,6.00,,,,
WDCSZB,6.01,30/06/16,1:1,2.89,,3.19,,,,
WDCSMX,7.85,30/06/16,1:1,1.335,,1.805,,,,
WDCSWD,9.90,30/06/16,1:1,.68,,1.05,,,,
WDCSMY,12.74,30/06/17,1:1,.845,,.905,,,,
WDCSMB,7.62,29/06/18,1:1,1.525,,9.87,,,,
WDCSZX,1.88,04/02/19,1:1,6.04,6.08,6.74,,,,
WDCSZV,3.87,04/02/19,1:1,4.05,4.09,4.40,,,,
WDCSZW,4.84,04/02/19,1:1,3.09,3.13,3.13,-17,8,,
,
Wesn Option/Basket Last Sale Price $29.71,
WE3SZY,15.34,04/02/19,1:1,14.38,14.37,19.21,,,,
,
Wesfarmers Last Sale Price $29.32,
WESION,30.00,29/09/11,1:1,1.905,1.915,2.72,,,,
WESIZQ,15.20,02/12/11,1:1,14.53,14.50,14.17,,,,
WESIOO,18.00,15/12/11,1:1,12.01,12.02,11.72,,,,
WESIOI,23.50,15/12/11,1:1,7.05,7.06,6.85,-26,45,,
WESIOR,20.00,24/01/12,1:1,10.45,10.46,,,,,
WESIOS,30.00,24/01/12,1:1,3.56,3.57,,,,,
WESIOU,20.00,29/03/12,1:1,11.05,11.06,15.45,,,,
WESIO1,16.00,11/05/12,1:1,15.82,15.83,,,,,
WESIOL,25.00,25/05/12,1:1,7.56,7.57,,,,,
WESIOE,16.00,28/06/12,1:1,14.85,14.86,,,,,
WESSOA,22.70,28/06/12,1:1,8.97,8.98,9.80,,,,
WESISM,34.36,28/06/12,1:1,4.88,5.64,,,,,
WESSSR,6.86,29/06/12,1:1,23.11,23.13,24.65,,,,
WESSMW,21.19,29/06/12,1:1,9.68,,10.82,,,,
WESSST,24.38,29/06/12,1:1,8.40,8.42,,,,,
WESSSC,32.70,29/06/12,1:1,2.14,2.15,,,,,
WESIZR,19.00,03/12/12,1:1,12.94,12.92,14.05,,,,
WESIZZ,19.00,03/12/12,1:1,12.94,12.92,12.99,-146,25,,
WESSOB,15.50,27/06/13,1:1,15.50,15.51,19.95,,,,
WESSMA,21.25,28/06/13,1:1,9.82,,11.52,,,,
WESSOC,5.59,26/06/14,1:1,24.22,24.23,28.06,,,,
WESSSA,20.81,30/06/14,1:1,11.10,,15.99,,,,
WESSOD,19.27,26/06/15,1:1,14.05,14.06,18.35,,,,
WESSZA,11.89,30/06/15,1:1,18.26,,21.76,,,,
WESSMC,17.47,30/06/15,1:1,14.61,,20.11,,,,
WESSSB,22.16,30/06/15,1:1,11.96,,13.83,,,,
WESSOE,14.00,23/06/16,1:1,18.11,18.12,,,,,
WESSOF,17.50,23/06/16,1:1,16.22,16.23,,,,,
WESSWB,14.08,30/06/16,1:1,16.48,,17.60,,,,
WESSWG,17.62,30/06/16,1:1,15.66,15.69,16.47,,,,
WESSZB,18.76,30/06/16,1:1,12.39,,15.77,,,,
WESSMX,22.66,30/06/16,1:1,8.26,,11.09,,,,
WESSWC,23.70,30/06/16,1:1,8.26,,15.00,,,,
WESSMY,23.86,30/06/17,1:1,7.21,,9.50,,,,
WESSMB,20.55,29/06/18,1:1,10.46,,11.40,,,,
WESSZX,8.28,04/02/19,1:1,21.08,21.05,25.34,,,,
WESSZW,13.24,04/02/19,1:1,16.11,16.08,17.56,,,,
WESSZV,18.38,04/02/19,1:1,10.98,10.95,10.80,-19,4,,
,
WorleyParsons Last Sale Price $27.51,
WORIOO,17.50,15/12/11,1:1,10.84,10.85,11.17,,,,
WORSSR,6.05,29/06/12,1:1,22.04,22.09,24.32,,,,
WORSMW,19.45,29/06/12,1:1,9.53,,10.50,,,,
WORMMI,32.59,29/06/12,1:1,5.87,,6.56,,,,
WORSMA,26.94,28/06/13,1:1,4.75,,5.21,,,,
WORSSA,27.63,30/06/14,1:1,7.98,,8.86,,,,
WORSSB,25.43,30/06/15,1:1,10.03,,,,,,
WORSWB,23.27,30/06/16,1:1,9.57,,12.95,,,,
WORSZC,20.21,30/06/17,1:1,11.80,,7.62,,,,
WORSMB,28.33,29/06/18,1:1,7.65,,5.48,,,,
WORSZX,7.34,04/02/19,1:1,20.19,20.17,22.87,,,,
WORSZW,11.90,04/02/19,1:1,15.63,15.61,16.79,,,,
WORSZV,14.48,04/02/19,1:1,13.06,13.04,14.49,,,,
,
Woolworths Last Sale Price $26.94,
WOWIZQ,14.80,02/12/11,1:1,12.46,12.51,13.20,,,,
WOWIOO,16.00,15/12/11,1:1,11.44,11.45,11.98,,,,
WOWIOI,23.00,15/12/11,1:1,5.06,5.07,5.20,-70,5,,
WOWIOR,25.00,24/01/12,1:1,3.89,3.90,,,,,
WOWIOU,16.50,29/03/12,1:1,11.47,11.48,11.93,,,,
WOWIZJ,20.41,29/03/12,1:1,7.61,7.66,,,,,
WOWIO1,13.00,11/05/12,1:1,15.05,15.06,,,,,
WOWIOL,20.00,25/05/12,1:1,8.67,8.68,8.75,,150,,
WOWSOA,17.27,28/06/12,1:1,10.93,10.94,11.40,,,,
WOWIOE,18.00,28/06/12,1:1,10.44,10.45,,,,,
WOWISM,30.38,28/06/12,1:1,3.11,3.79,,,,,
WOWSSR,13.81,29/06/12,1:1,14.31,14.32,15.29,,,,
WOWSMW,15.63,29/06/12,1:1,12.41,,13.22,,,,
WOWMMI,23.94,29/06/12,1:1,5.58,,2.22,,,,
WOWSSC,28.47,29/06/12,1:1,1.925,1.935,,,,,
WOWIZR,15.00,03/12/12,1:1,13.46,13.51,,,,,
WOWIZZ,15.00,03/12/12,1:1,13.46,13.51,14.25,,,,
WOWSMA,18.38,28/06/13,1:1,10.07,,10.59,,,,
WOWSOC,13.63,26/06/14,1:1,15.09,15.10,18.21,,,,
WOWSSA,17.88,30/06/14,1:1,10.55,,10.81,,,,
WOWSOD,15.91,26/06/15,1:1,13.21,13.22,13.58,,,,
WOWSZA,5.08,30/06/15,1:1,22.05,,21.35,,,,
WOWSMC,15.30,30/06/15,1:1,13.65,,13.77,,,,
WOWSSB,19.16,30/06/15,1:1,10.65,,11.62,,,,
WOWSOE,12.50,23/06/16,1:1,16.05,16.06,,,,,
WOWSOF,15.50,23/06/16,1:1,14.06,14.07,,,,,
WOWSWB,6.75,30/06/16,1:1,20.71,,21.19,,,,
WOWSZB,10.50,30/06/16,1:1,16.99,,17.42,,,,
WOWSWC,10.50,30/06/16,1:1,17.20,,17.18,+2,4,,
WOWSMX,10.71,30/06/16,1:1,17.00,,16.89,,,,
WOWSWG,14.47,30/06/16,1:1,15.05,15.07,15.52,,,,
WOWSWD,18.33,30/06/16,1:1,10.10,,10.58,,,,
WOWSMY,17.15,30/06/17,1:1,10.97,,11.50,,,,
WOWSZC,20.14,30/06/17,1:1,9.33,,9.45,,,,
WOWSMB,20.47,29/06/18,1:1,8.17,,8.81,,,,
WOWSZX,13.57,04/02/19,1:1,13.33,13.38,13.73,,,,
,
Woodside Petroleum Last Sale Price $38.35,
WPLIZQ,23.70,02/12/11,1:1,15.27,15.26,15.82,,,,
WPLIOO,24.62,15/12/11,1:1,14.70,14.71,16.15,,,,
WPLIOI,42.12,15/12/11,1:1,3.17,3.18,3.35,-12,50,,
WPLIOR,30.00,24/01/12,1:1,10.37,10.38,,,,,
WPLIOS,40.00,24/01/12,1:1,4.45,4.46,,,,,
WPLIZJ,33.33,29/03/12,1:1,8.31,8.30,13.06,,,,
WPLIO1,21.00,11/05/12,1:1,21.04,21.05,21.46,-90,10,,
WPLIOL,40.00,25/05/12,1:1,6.66,6.67,6.70,-30,5,,
WPLIOE,25.00,28/06/12,1:1,15.94,15.95,,,,,
WPLSOA,30.46,28/06/12,1:1,11.31,11.32,11.67,-3,40,,
WPLISM,44.68,28/06/12,1:1,4.81,5.82,,,,,
WPLSSR,18.69,29/06/12,1:1,21.34,21.37,23.71,,,,
WPLSMW,24.91,29/06/12,1:1,15.36,,16.87,,,,
WPLSSS,26.85,29/06/12,1:1,14.24,14.27,14.22,-656,10,,
WPLSSC,41.34,29/06/12,1:1,2.94,2.95,3.34,,,,
WPLMMI,59.88,29/06/12,1:1,8.44,,1.35,,,,
WPLIZR,27.00,03/12/12,1:1,14.83,14.82,,,,,
WPLIZZ,27.00,03/12/12,1:1,14.83,14.82,15.32,,,,
WPLSOB,34.14,27/06/13,1:1,13.44,13.45,15.11,,,,
WPLSMA,29.94,28/06/13,1:1,11.02,,13.75,,,,
WPLSOC,15.70,26/06/14,1:1,25.20,25.21,30.13,,,,
WPLSSA,31.79,30/06/14,1:1,14.04,,18.33,,,,
WPLSOD,27.86,26/06/15,1:1,18.32,18.33,19.24,,,,
WPLSMC,26.73,30/06/15,1:1,18.92,,23.22,,,,
WPLSSB,40.01,30/06/15,1:1,13.07,,19.97,,,,
WPLSOE,18.50,23/06/16,1:1,24.42,24.43,,,,,
WPLSOF,22.50,23/06/16,1:1,22.41,22.42,,,,,
WPLSWB,15.53,30/06/16,1:1,24.57,,26.10,,,,
WPLSWG,23.12,30/06/16,1:1,21.82,21.87,22.08,-31,30,,
WPLSMX,29.73,30/06/16,1:1,11.68,,20.27,,,,
WPLSWC,31.18,30/06/16,1:1,12.19,,13.91,,,,
WPLSZB,32.02,30/06/16,1:1,12.41,,15.00,,,,
WPLSWD,44.34,30/06/16,1:1,4.00,,5.26,,,,
WPLSMY,27.95,30/06/17,1:1,12.96,,18.46,,,,
WPLSMB,33.41,29/06/18,1:1,10.69,,15.15,,,,
WPLSZX,17.45,04/02/19,1:1,20.91,20.90,22.56,,,,
WPLSZV,24.63,04/02/19,1:1,13.73,13.72,13.70,-123,10,,
WPLSZW,29.67,04/02/19,1:1,8.68,8.68,8.68,-53,1,,
,
Western Areas Last Sale Price $5.87,
WSAIOE,3.00,28/06/12,1:1,3.26,3.27,,,,,
,
Basket Installment Warrants,
Basket Endowment Warrants,
Portfolio Endowment,
PEWEEA,611.00,16/04/12,1000:1,1.93,,2.01,,,,
PEWEEB,384.60,01/04/13,1000:1,2.08,,2.15,,,,
,
Equity Capital Protection Warrants,
Macquarie Alps,
APSSM2,0.00,29/09/11,1:1,9.91,,9.81,,,,
APSSM3,0.00,21/06/12,1:1,9.53,,9.53,,,,
APSSM4,0.00,20/06/13,1:1,9.04,,8.99,,,,
APSSM5,0.00,07/10/13,1:1,8.89,,8.92,,,,
APSSM6,0.00,28/02/14,1:1,8.70,,8.73,,,,
,
UBS Dabs,
DABSS1,0.01,06/09/12,1:1,103.49,,103.52,,,,
,
UBS Fixed Incomeplus,
FIPSS1,0.01,04/10/21,1:1,.94,,.94,,200,,
,
Signum Blue Glr,
GLRSJ1,0.00,08/08/12,1:1,980.00,,980.00,,,,
,
Citi Mli Coupon Plus,
MLWSOA,0.00,12/03/12,1:1,.93,.95,.99,,,,
MLWSOB,0.00,12/03/12,1:1,.98,1.00,,,,,
MLWSOC,0.00,12/03/12,1:1,.89,.91,1.025,,,,
,
Credit Suisse Orbits,
ORBSC1,0.00,21/09/11,1:1,1.015,,.99,,,,
ORBSC3,0.00,21/09/11,1:1,1.01,,.975,,,,
,
Alpha Results Growth,
RAKSOO,0.00,18/11/11,1:1,.995,,,,,,
RAKSOP,0.00,18/11/11,1:1,.655,,.98,,,,
RAKSOQ,0.00,20/02/12,1:1,1.095,,,,,,
RAKSOR,0.00,20/02/12,1:1,1.005,,,,,,
RAKSOS,0.00,26/03/12,1:1,1.01,,,,,,
RAKSOT,0.00,26/03/12,1:1,1.015,,,,,,
RAKSOU,0.00,12/06/12,1:1,.96,,,,,,
RAKSOV,0.00,12/06/12,1:1,.52,,,,,,
,
Alpha Results Income,
RAYSOO,0.00,18/11/11,1:1,.965,,1.03,,,,
RAYSOP,0.00,18/11/11,1:1,.72,,.75,,,,
RAYSOQ,0.00,20/02/12,1:1,.925,,,,,,
RAYSOR,0.00,20/02/12,1:1,.84,,,,,,
RAYSOS,0.00,26/03/12,1:1,.895,,.94,,,,
RAYSOT,0.00,26/03/12,1:1,.88,,.975,,,,
RAYSOU,0.00,12/06/12,1:1,.895,,,,,,
RAYSOV,0.00,12/06/12,1:1,.65,,.765,,,,
,
Citigrp Yields,
YLDSO3,0.00,02/08/11,1:1,,,9.83,,,,
YLDSO4,0.00,07/06/12,1:1,,,8.84,,,,
,
Basket Capital Protection Warrants,
Spread Warrants,
RBS Instreet,
INWSZ1,0.00,22/12/11,1:1,,,,,,,
,
Alpha Recharge 2,
RAASOA,0.00,16/02/12,1:1,.003,,,,,,
RAASOB,0.00,16/02/12,1:1,.034,,,,,,
,
Barrier Call Warrants,
AGL Energy Last Sale Price $14.19,
AGKKOC,10.02,31/12/29,1:1,4.14,4.15,,,,,
AGKKZF,10.25,31/12/29,1:1,3.91,3.95,,,,,
AGKKOA,11.45,31/12/29,1:1,2.70,2.71,2.62,,,,
AGKKZE,11.85,31/12/29,1:1,2.31,2.35,2.48,,,,
,
Atlas Iron Last Sale Price $4.05,
AGOKZA,2.19,31/12/29,1:1,1.835,1.86,,,,,
AGOKOA,2.52,31/12/29,1:1,1.515,1.525,1.42,,,,
AGOKZB,2.76,31/12/29,1:1,1.265,1.29,1.275,,,,
AGOKMA,3.04,31/12/29,1:1,.995,1.02,,,,,
,
Asciano Last Sale Price $1.67,
AIOKOA,1.03,31/12/29,1:1,.63,.64,.65,,,,
AIOKZA,1.23,31/12/29,1:1,.435,.445,.47,,,,
AIOKMA,1.24,31/12/29,1:1,.415,.44,,,,,
,
Aristocrat Leisure Last Sale Price $2.44,
ALLKMA,1.59,31/12/29,1:1,.835,.86,,,,,
ALLKOA,1.76,31/12/29,1:1,.68,.69,.66,,,,
,
Amcor Last Sale Price $7.04,
AMCKOB,4.53,31/12/29,1:1,2.49,2.50,,,,,
AMCKZA,4.71,31/12/29,1:1,2.31,2.33,2.35,,,,
AMCKOA,5.70,31/12/29,1:1,1.325,1.335,3.55,,,,
AMCKMA,5.73,31/12/29,1:1,1.29,1.315,,,,,
,
AMP Last Sale Price $4.56,
AMPKOA,3.11,31/12/29,1:1,1.455,1.465,1.585,,,,
AMPKOC,3.53,31/12/29,1:1,1.035,1.045,1.27,,,,
AMPKMA,3.85,31/12/29,1:1,.695,.72,,,,,
AMPKZI,3.90,31/12/29,1:1,.655,.665,.68,-6.5,50,,
AMPKOB,4.05,31/12/29,1:1,.51,.52,.535,-2,40,,
,
ANZ Banking Grp Last Sale Price $20.83,
ANZXOA,19.50,25/08/11,2:1,.875,.885,1.005,,,,
ANZXOB,20.00,25/08/11,2:1,.565,.575,.565,-5.5,1369,,
ANZXOD,18.00,27/10/11,2:1,1.655,1.665,,,,,
ANZXOE,18.50,27/10/11,2:1,1.40,1.41,,,,,
ANZYOA,17.50,24/11/11,2:1,1.95,1.96,,,,,
ANZYOB,19.50,24/11/11,2:1,.91,.92,,,,,
ANZKMD,10.64,31/12/29,1:1,10.17,10.20,,,,,
ANZKOA,11.77,31/12/29,1:1,9.12,9.13,10.24,,,,
ANZKMB,12.43,31/12/29,1:1,8.39,8.42,,,,,
ANZKZM,12.85,31/12/29,1:1,8.04,7.99,9.30,,,,
ANZKZL,14.17,31/12/29,1:1,6.71,6.66,7.64,,,,
ANZKMC,15.96,31/12/29,1:1,4.85,4.88,5.51,,,,
ANZKOB,16.95,31/12/29,1:1,3.94,3.95,4.88,,,,
ANZKMA,17.54,31/12/29,1:1,3.28,3.56,3.35,-6,200,,
ANZKZN,17.59,31/12/29,1:1,3.25,3.25,3.25,-11,179,,
ANZKOC,17.63,31/12/29,1:1,3.26,3.27,3.24,-71,2,,
ANZKOD,19.14,31/12/29,1:1,1.745,1.755,1.84,,,,
,
APA Grp Last Sale Price $4.03,
APAKZA,2.45,31/12/29,1:1,1.585,1.58,,,,,
APAKOA,3.02,31/12/29,1:1,1.01,1.02,,,,,
,
Aquila Res Last Sale Price $6.70,
AQAKMA,5.12,31/12/29,1:1,1.56,1.585,1.765,,30,,
,
ASX Last Sale Price $29.86,
ASXKOA,20.15,31/12/29,1:1,9.66,9.67,,,,,
ASXKZI,21.78,31/12/29,1:1,8.03,8.09,9.22,,,,
ASXKMA,23.07,31/12/29,1:1,6.77,6.80,,,,,
ASXKOC,24.32,31/12/29,1:1,5.49,5.50,6.33,,,,
ASXKZK,24.70,31/12/29,1:1,5.11,5.17,5.46,-23,50,,
,
Alumina Last Sale Price $2.18,
AWCXOC,1.50,25/08/11,1:1,.715,.73,.79,,,,
AWCXOD,1.25,27/10/11,1:1,1.025,1.04,,,,,
AWCXOB,1.75,27/10/11,1:1,.48,.495,,,,,
AWCKZA,1.24,31/12/29,1:1,.93,.945,.97,,,,
AWCKOD,1.41,31/12/29,1:1,.755,.765,.835,,,,
AWCKZC,1.49,31/12/29,1:1,.68,.695,,,,,
AWCKOB,1.65,31/12/29,1:1,.515,.525,.565,,,,
AWCKZB,1.81,31/12/29,1:1,.355,.37,.375,-6,130,,
AWCKMA,1.85,31/12/29,1:1,.315,.34,,,,,
,
AWE Last Sale Price $1.25,
AWEKOA,0.81,31/12/29,1:1,.435,.445,,,,,
,
Billabong Int'l Last Sale Price $5.89,
BBGKOA,4.53,31/12/29,1:1,1.34,1.35,1.805,,,,
BBGKMA,4.80,31/12/29,1:1,1.075,1.10,,,,,
,
Bendigo & Adelaide Last Sale Price $8.84,
BENKOA,6.04,31/12/29,1:1,2.83,2.84,,,,,
BENKZA,6.15,31/12/29,1:1,2.70,2.69,,,,,
BENKMA,6.89,31/12/29,1:1,1.94,1.965,,,,,
,
BHP Billiton Last Sale Price $41.42,
BHPXOH,38.00,25/08/11,2:1,1.925,1.935,1.955,-38.5,45,,
BHPXOL,40.50,25/08/11,2:1,.755,.765,.775,-82.5,908,,
BHPXOJ,41.00,25/08/11,2:1,.325,.335,.335,-31.5,3188,,
BHPXOE,37.50,27/10/11,2:1,2.27,2.28,2.30,,50,,
BHPXOD,39.00,27/10/11,2:1,1.505,1.515,1.65,,10,,
BHPXOA,39.50,27/10/11,2:1,1.24,1.25,1.285,-35.5,100,,
BHPYOA,40.00,24/11/11,2:1,.70,1.035,,,,,
BHPYOB,41.50,24/11/11,2:1,.205,.22,.535,,,,
BHPKZC,16.43,31/12/29,1:1,25.03,25.00,27.90,,,,
BHPKZB,20.38,31/12/29,1:1,21.10,21.04,26.01,,,,
BHPKME,21.81,31/12/29,1:1,19.60,19.63,,,,,
BHPKMC,25.55,31/12/29,1:1,15.85,15.88,,,,,
BHPKZD,27.90,31/12/29,1:1,13.56,13.53,15.20,,,,
BHPKOA,29.77,31/12/29,1:1,11.70,11.71,13.85,,,,
BHPKZK,31.09,31/12/29,1:1,10.37,10.34,12.02,,,,
BHPKMD,32.72,31/12/29,1:1,8.69,8.72,,,,,
BHPKZJ,34.03,31/12/29,1:1,7.46,7.40,7.40,-70,230,,
BHPKOB,34.16,31/12/29,1:1,7.31,7.32,7.31,-91,6,,
BHPKOE,36.26,31/12/29,1:1,5.21,5.22,6.51,,,,
BHPKMB,36.28,31/12/29,1:1,5.13,5.16,,,40,,
BHPKZA,36.28,31/12/29,1:1,5.21,5.15,5.16,-87,292,,
BHPKOD,37.77,31/12/29,1:1,3.70,3.71,4.13,-25,50,,
BHPKMA,39.35,31/12/29,1:1,2.05,2.08,2.05,-72,389,,
,
Bradken Last Sale Price $8.59,
BKNKZA,4.75,31/12/29,1:1,3.83,3.85,,,,,
,
Boral Last Sale Price $4.17,
BLDKOB,3.02,31/12/29,1:1,1.10,1.11,,,,,
BLDKZE,3.12,31/12/29,1:1,1.01,1.055,,,,,
BLDKMA,3.47,31/12/29,1:1,.685,.71,.65,-20.5,400,,
BLDKZB,3.60,31/12/29,1:1,.525,.57,1.235,,,,
BLDKOA,3.62,31/12/29,1:1,.505,.515,.75,,,,
,
Boart Longyear Last Sale Price $4.05,
BLYKZA,2.88,31/12/29,1:1,1.17,1.175,,,,,
BLYKOA,3.02,31/12/29,1:1,1.02,1.03,1.035,-2.5,300,,
BLYKMA,3.08,31/12/29,1:1,.955,.98,.98,,,,
,
Bank of Qld Last Sale Price $8.05,
BOQKZA,4.92,31/12/29,1:1,3.14,3.14,,,,,
BOQKZB,5.78,31/12/29,1:1,2.27,2.27,2.61,,,,
BOQKOA,6.04,31/12/29,1:1,2.02,2.03,,,,,
BOQKMA,6.26,31/12/29,1:1,1.77,1.795,,,,,
,
BlueScope Steel Last Sale Price $1.14,
BSLXOA,0.85,25/08/11,1:1,.335,.35,.12,,,,
BSLXOB,1.00,25/08/11,1:1,.20,.215,.16,,,,
BSLXOC,0.50,27/10/11,1:1,.69,.705,,,,,
BSLKOD,0.71,31/12/29,1:1,.43,.44,,,,,
BSLKZE,0.74,31/12/29,1:1,.40,.40,.415,,100,,
BSLKOC,0.84,31/12/29,1:1,.30,.31,.445,,,,
BSLKZD,0.91,31/12/29,1:1,.235,.235,.365,,,,
BSLKMA,0.92,31/12/29,1:1,.205,.23,,,,,
BSLKZC,1.01,31/12/29,1:1,.135,.135,.15,-2,500,,
BSLKOB,1.02,31/12/29,1:1,.115,.125,.155,,,,
,
Bathurst Res Last Sale Price $1.05,
BTUKOA,0.70,31/12/29,1:1,.345,.355,.35,,7296,,
,
Brambles Last Sale Price $6.93,
BXBKZG,4.08,31/12/29,1:1,2.83,2.85,3.26,,,,
BXBKZH,4.94,31/12/29,1:1,1.98,1.995,2.21,,,,
BXBKOB,5.04,31/12/29,1:1,1.88,1.89,,,,,
BXBKOA,5.73,31/12/29,1:1,1.19,1.20,1.615,,,,
BXBKMA,5.83,31/12/29,1:1,1.08,1.105,,,,,
,
C'wlth Bank of Aust Last Sale Price $49.27,
CBAXOH,42.00,25/08/11,4:1,2.09,2.10,.265,,,,
CBAXOI,45.00,25/08/11,4:1,1.23,1.24,1.25,,,,
CBAXOF,46.00,25/08/11,4:1,.995,1.005,1.03,-19,20,,
CBAXOG,48.00,25/08/11,4:1,.54,.55,.57,-10.5,50,,
CBAXOL,43.00,27/10/11,4:1,1.845,1.855,1.92,,,,
CBAXOK,44.00,27/10/11,4:1,1.59,1.60,,,,,
CBAXOJ,47.00,27/10/11,4:1,.835,.845,.84,,,,
CBAKZK,17.35,31/12/29,1:1,32.03,31.93,32.26,,,,
CBAKMD,24.89,31/12/29,1:1,24.36,24.39,,,,,
CBAKMB,29.36,31/12/29,1:1,19.89,19.92,,,,,
CBAKOC,30.00,31/12/29,1:1,19.39,19.40,,,,,
CBAKOB,35.00,31/12/29,1:1,14.39,14.40,14.72,,,,
CBAKZO,37.16,31/12/29,1:1,12.21,12.11,12.78,,,,
CBAKMC,37.34,31/12/29,1:1,11.91,11.94,,,,,
CBAKZL,38.68,31/12/29,1:1,10.70,10.60,10.82,,,,
CBAKMA,41.59,31/12/29,1:1,7.67,7.70,,,,,
CBAKZA,42.63,31/12/29,1:1,6.75,7.99,6.70,-23,815,,
CBAKOA,43.12,31/12/29,1:1,6.18,6.29,6.45,+10,53,,
CBAKZB,44.34,31/12/29,1:1,5.04,4.94,5.10,,700,,
CBAKOD,45.33,31/12/29,1:1,4.07,4.08,4.12,-62,135,,
,
Coca-Cola Amatil Last Sale Price $11.30,
CCLKZA,7.24,31/12/29,1:1,4.06,4.06,4.08,,,,
CCLKZB,8.03,31/12/29,1:1,3.27,3.27,,,,,
CCLKOA,9.07,31/12/29,1:1,2.25,2.26,,,,,
CCLKMA,9.17,31/12/29,1:1,2.12,2.15,,,,,
,
CuDECO Last Sale Price $3.29,
CDUKMA,2.30,31/12/29,1:1,.975,1.00,,,,,
,
Challenger Last Sale Price $4.89,
CGFKOA,3.78,31/12/29,1:1,1.115,1.125,,,,,
,
Consolidated Media Last Sale Price $2.42,
CMJKZC,1.51,31/12/29,1:1,.875,.91,1.10,,,,
,
Cochlear Last Sale Price $70.87,
COHKOA,46.45,31/12/29,1:1,24.44,24.45,38.97,,,,
COHKZB,53.64,31/12/29,1:1,17.31,17.24,17.01,,,,
COHKMA,55.34,31/12/29,1:1,15.51,15.54,,,,,
COHKOC,59.92,31/12/29,1:1,10.98,10.99,9.48,,,,
COHKZC,60.09,31/12/29,1:1,10.86,10.79,9.67,,,,
,
Computershare Last Sale Price $8.21,
CPUKMA,6.26,31/12/29,1:1,1.93,1.955,,,,,
CPUKOB,6.80,31/12/29,1:1,1.425,1.435,,,,,
CPUKZB,6.84,31/12/29,1:1,1.39,1.375,1.565,,,,
CPUKOA,7.19,31/12/29,1:1,1.035,1.045,1.05,-13,330,,
,
carsales.com Last Sale Price $4.60,
CRZKZA,3.61,31/12/29,1:1,.975,.99,1.195,,,,
,
CSL Last Sale Price $30.69,
CSLXOA,28.00,27/10/11,2:1,1.65,1.66,2.53,,,,
CSLXOB,30.00,27/10/11,2:1,.58,.59,.54,-26,24,,
CSLKZJ,21.39,31/12/29,1:1,9.31,9.31,,,,,
CSLKOC,22.95,31/12/29,1:1,7.75,7.76,,,,,
CSLKZH,23.33,31/12/29,1:1,7.37,7.37,7.39,-88,5,,
CSLKOA,26.23,31/12/29,1:1,4.47,4.48,7.02,,,,
CSLKZG,26.81,31/12/29,1:1,3.89,3.89,4.40,,,,
CSLKMA,27.41,31/12/29,1:1,3.26,3.29,3.74,,,,
,
CSR Last Sale Price $2.63,
CSRKZA,1.41,31/12/29,1:1,1.21,1.225,1.27,,,,
CSRKMA,1.97,31/12/29,1:1,.645,.67,,,,,
CSRKOA,2.01,31/12/29,1:1,.60,.61,,,,,
CSRKZB,2.07,31/12/29,1:1,.545,.56,,,,,
,
Caltex Aust Last Sale Price $10.66,
CTXKZF,5.80,31/12/29,1:1,4.88,4.86,8.77,,,,
CTXKOA,8.56,31/12/29,1:1,2.13,2.14,2.82,,,,
CTXKZG,8.66,31/12/29,1:1,2.03,2.01,2.03,-95,85,,
CTXKMA,9.02,31/12/29,1:1,1.63,1.655,1.945,,,,
,
Crown Last Sale Price $8.92,
CWNKZG,3.70,31/12/29,1:1,5.21,5.22,4.53,,,,
CWNKZI,6.03,31/12/29,1:1,2.89,2.90,2.70,,,,
CWNKOA,6.55,31/12/29,1:1,2.37,2.38,,,,,
CWNKMA,7.14,31/12/29,1:1,1.77,1.795,,,,,
,
David Jones Last Sale Price $3.00,
DJSXOB,2.50,27/10/11,1:1,.61,.625,,,,,
DJSXOA,2.75,27/10/11,1:1,.355,.37,,,,,
DJSKMA,2.34,31/12/29,1:1,.645,.67,,,,,
DJSKRA,2.36,31/12/29,1:1,.64,.645,,,,,
DJSKOA,2.71,31/12/29,1:1,.285,.295,.465,,,,
,
Downer EDI Last Sale Price $3.83,
DOWKOA,2.77,31/12/29,1:1,1.06,1.07,,,,,
,
Echo Entertainment Last Sale Price $4.01,
EGPKZF,2.55,31/12/29,1:1,1.46,1.465,1.445,,,,
EGPKOA,2.75,31/12/29,1:1,1.25,1.26,,,,,
,
Energy Res Last Sale Price $4.59,
ERAKOA,3.02,31/12/29,1:1,1.54,1.55,1.67,,,,
ERAKMA,3.20,31/12/29,1:1,1.375,1.40,,,,,
,
Foster's Grp Last Sale Price $5.05,
FGLKZD,3.60,31/12/29,1:1,1.43,1.455,1.535,,,,
FGLKZE,3.61,31/12/29,1:1,1.415,1.44,1.495,,,,
FGLKOA,3.74,31/12/29,1:1,1.285,1.295,1.485,,,,
FGLKMA,4.09,31/12/29,1:1,.945,.97,.94,,500,,
,
Fortescue Metals Grp Last Sale Price $6.31,
FMGXOD,5.80,25/08/11,2:1,.365,.375,,,,,
FMGXOE,6.00,25/08/11,2:1,.27,.28,,,,,
FMGXOG,5.20,27/10/11,2:1,.655,.665,,,,,
FMGXOF,5.40,27/10/11,2:1,.55,.56,,,,,
FMGKZB,2.69,31/12/29,1:1,3.64,3.63,4.02,,,,
FMGKOA,3.62,31/12/29,1:1,2.70,2.71,2.95,,,,
FMGKZJ,4.10,31/12/29,1:1,2.23,2.22,2.27,,,,
FMGKMB,4.24,31/12/29,1:1,2.05,2.08,,,,,
FMGKOB,4.64,31/12/29,1:1,1.68,1.69,2.06,,,,
FMGKZH,4.65,31/12/29,1:1,1.68,1.665,1.965,,,,
FMGKZI,4.96,31/12/29,1:1,1.37,1.355,1.48,-17.5,250,,
FMGKOC,5.12,31/12/29,1:1,1.20,1.21,1.435,,,,
FMGKMA,5.22,31/12/29,1:1,1.07,1.095,,,,,
,
Curr W Aud/Eur,
FXEKZB,0.63,31/12/29,100:1,17.97,18.08,,,,,
FXEKOA,0.65,31/12/29,100:1,15.24,15.30,,,,,
FXEKZA,0.67,31/12/29,100:1,12.22,12.33,10.53,,,,
FXEKOB,0.70,31/12/29,100:1,8.72,8.78,,,,,
,
Curr W Aud/Hkd,
FXHKZA,7.02,31/12/29,100:1,17.72,17.76,,,,,
,
Fairfax Media Last Sale Price $0.88,
FXJKZG,0.68,31/12/29,1:1,.185,.20,,,,,
FXJKMA,0.74,31/12/29,1:1,.125,.15,,,,,
FXJKOA,0.78,31/12/29,1:1,.085,.095,,,,,
,
Curr W Aud/Gbp,
FXPKOA,0.57,31/12/29,100:1,14.28,14.34,,,,,
FXPKZB,0.58,31/12/29,100:1,13.43,13.55,,,,,
FXPKZA,0.60,31/12/29,100:1,10.85,10.97,11.60,,,,
FXPKOB,0.60,31/12/29,100:1,10.56,10.62,,,,,
,
Curr W Aud/Sgp,
FXSKZA,1.15,31/12/29,100:1,12.83,12.89,12.92,,,,
,
Curr W Aud/Usd,
FXUKZA,0.93,31/12/29,100:1,14.75,14.78,12.15,,,,
FXUKOA,0.95,31/12/29,100:1,13.21,13.27,,,,,
FXUKOB,0.97,31/12/29,100:1,11.39,11.45,,,,,
FXUKZC,0.97,31/12/29,100:1,11.42,11.45,10.44,,,,
FXUKOC,0.98,31/12/29,100:1,10.47,10.53,,,,,
FXUKZD,1.00,31/12/29,100:1,8.81,8.84,8.85,-59,3,,
FXUKZB,1.03,31/12/29,100:1,5.98,6.01,4.46,,,,
,
Curr W Aud/Jpy,
FXYKZB,72.16,31/12/29,100:1,15.00,15.11,,,,,
FXYKOA,76.00,31/12/29,100:1,10.48,10.56,,,,,
FXYKOB,78.00,31/12/29,100:1,8.13,8.21,,,,,
,
Curr W Aud/Nzd,
FXZKOA,1.12,31/12/29,100:1,11.48,11.60,,,,,
FXZKZA,1.15,31/12/29,100:1,8.74,8.88,5.91,,,,
FXZKOB,1.16,31/12/29,100:1,8.31,8.43,,,,,
,
Gindalbie Metals Last Sale Price $0.79,
GBGKOA,0.50,31/12/29,1:1,.28,.29,,,,,
,
GPT Grp Last Sale Price $3.01,
GPTKZA,2.22,31/12/29,1:1,.775,.79,,,,,
GPTKMA,2.41,31/12/29,1:1,.585,.61,,,,,
GPTKOA,2.52,31/12/29,1:1,.485,.495,,,,,
,
Harvey Norman Last Sale Price $2.18,
HVNKZB,1.62,31/12/29,1:1,.56,.565,,,,,
HVNKMA,1.76,31/12/29,1:1,.405,.43,,,,,
HVNKOA,1.76,31/12/29,1:1,.41,.42,,,,,
,
Insurance Aust Grp Last Sale Price $3.28,
IAGKOB,2.42,31/12/29,1:1,.855,.865,,,,,
IAGKZG,2.50,31/12/29,1:1,.78,.785,1.14,,,,
IAGKMA,2.73,31/12/29,1:1,.535,.56,,,,,
IAGKOA,2.76,31/12/29,1:1,.515,.525,,,,,
,
iShares MSCI Em Mkt Last Sale Price $42.58,
IEMKMA,30.57,31/12/29,1:1,11.87,12.03,,,,,
,
Iluka Res Last Sale Price $17.76,
ILUKZA,9.67,31/12/29,1:1,8.16,8.09,8.41,,,,
ILUKOC,9.78,31/12/29,1:1,8.05,8.06,9.18,,,,
ILUKMA,13.40,31/12/29,1:1,4.34,4.37,4.66,,,,
ILUKOD,14.00,31/12/29,1:1,3.83,3.84,,,,,
,
Incitec Pivot Last Sale Price $3.95,
IPLKOA,2.24,31/12/29,1:1,1.705,1.715,1.68,,,,
IPLKZB,2.63,31/12/29,1:1,1.315,1.32,1.255,,,,
IPLKZA,3.05,31/12/29,1:1,.895,.90,.905,+.5,135,,
IPLKMA,3.18,31/12/29,1:1,.755,.78,,,,,
IPLKOC,3.24,31/12/29,1:1,.70,.71,.77,,,,
,
JB Hi-Fi Last Sale Price $15.00,
JBHKMA,11.77,31/12/29,1:1,3.21,3.24,,,,,
JBHKOA,13.10,31/12/29,1:1,1.865,1.875,2.21,,,,
,
James Hardie Ind Last Sale Price $5.73,
JHXKMA,4.39,31/12/29,1:1,1.325,1.35,,,,,
,
Karoon Gas Aust Last Sale Price $4.40,
KARKOC,3.00,31/12/29,1:1,1.385,1.40,1.33,,250,,
KARKZA,3.31,31/12/29,1:1,1.08,1.095,1.075,-36,400,,
KARKMA,3.53,31/12/29,1:1,.855,.88,,,,,
KARKOB,3.78,31/12/29,1:1,.59,.605,.79,-10,50,,
,
Kingsgate Cons Last Sale Price $8.88,
KCNKOA,5.54,31/12/29,1:1,3.18,3.36,3.50,-33,10,,
KCNKZA,5.58,31/12/29,1:1,3.31,3.30,3.62,,,,
KCNKMA,6.55,31/12/29,1:1,2.32,2.35,,,,,
,
Leighton Hldgs Last Sale Price $21.11,
LEIKOB,13.10,31/12/29,1:1,7.95,7.96,,,,,
LEIKZH,14.01,31/12/29,1:1,7.04,7.11,7.03,-60,10,,
LEIKOA,15.11,31/12/29,1:1,5.94,5.95,6.37,,,,
LEIKZI,16.67,31/12/29,1:1,4.37,4.44,4.57,,,,
LEIKMA,16.76,31/12/29,1:1,4.33,4.36,,,,,
,
Lend Lease Grp Last Sale Price $8.86,
LLCKZL,5.75,31/12/29,1:1,3.10,3.12,3.30,,,,
LLCKOB,6.55,31/12/29,1:1,2.30,2.31,,,,,
LLCKZM,6.66,31/12/29,1:1,2.19,2.21,2.30,,,,
LLCKOA,7.01,31/12/29,1:1,1.835,1.845,,,,,
LLCKMA,7.18,31/12/29,1:1,1.67,1.695,,,,,
,
Linc Energy Last Sale Price $2.81,
LNCKOA,2.00,31/12/29,1:1,.81,.82,,,,,
,
Lynas Corp Last Sale Price $2.15,
LYCYOA,1.70,24/11/11,2:1,.30,.315,,,,,
LYCKZA,1.31,31/12/29,1:1,.83,.845,.825,,,,
LYCKOA,1.41,31/12/29,1:1,.64,.74,.71,+2.5,550,,
LYCKMA,1.46,31/12/29,1:1,.675,.70,.615,,200,,
LYCKOB,1.75,31/12/29,1:1,.39,.40,,,,,
,
MAp Grp Last Sale Price $3.27,
MAPKZH,2.37,31/12/29,1:1,.885,.90,,,,,
MAPKOA,2.52,31/12/29,1:1,.745,.755,.77,,,,
,
Macarthur Coal Last Sale Price $15.55,
MCCKOA,7.55,31/12/29,1:1,7.99,8.00,,,,,
MCCKZC,7.71,31/12/29,1:1,7.83,7.85,,,,,
MCCKZA,8.24,31/12/29,1:1,7.30,7.31,7.30,+3,100,,
MCCKOC,8.60,31/12/29,1:1,6.94,6.95,6.62,,,,
,
Mirvac Grp Last Sale Price $1.15,
MGRKOA,0.80,31/12/29,1:1,.335,.345,,,,,
MGRKMA,0.99,31/12/29,1:1,.145,.17,,,,,
,
Mount Gibson Iron Last Sale Price $1.80,
MGXKOA,1.21,31/12/29,1:1,.58,.59,.775,,,,
MGXKZA,1.32,31/12/29,1:1,.475,.485,,,,,
MGXKMA,1.56,31/12/29,1:1,.225,.25,,,,,
,
Mineral Res Last Sale Price $12.21,
MINKZA,8.55,31/12/29,1:1,3.69,3.67,3.88,,,,
MINKMA,9.30,31/12/29,1:1,2.90,2.93,,,,,
,
Macquarie Grp Last Sale Price $27.57,
MQGXOB,27.00,27/10/11,4:1,.27,.28,.27,-11.5,390,,
MQGYOA,25.00,24/11/11,4:1,.83,.84,,,,,
MQGYOB,26.00,24/11/11,4:1,.565,.575,.545,,75,,
MQGKOC,16.80,31/12/29,1:1,10.68,10.69,11.22,,,,
MQGKZB,22.69,31/12/29,1:1,4.67,4.89,4.76,-41,500,,
MQGKOE,23.00,31/12/29,1:1,4.47,4.48,4.50,,2,,
MQGKOD,26.50,31/12/29,1:1,,,,,,,
,
Mesoblast Last Sale Price $9.09,
MSBKOA,6.00,31/12/29,1:1,3.11,3.12,3.10,,50,,
,
Metcash Last Sale Price $4.16,
MTSKOA,3.02,31/12/29,1:1,1.11,1.12,,,,,
,
Myer Hldgs Last Sale Price $2.31,
MYRXOA,2.00,27/10/11,1:1,.425,.44,,,,,
MYRXOB,2.25,27/10/11,1:1,.115,.13,.24,,,,
MYRKZA,1.59,31/12/29,1:1,.72,.725,.925,,,,
MYRKMA,1.80,31/12/29,1:1,.495,.52,,,,,
MYRKOA,2.01,31/12/29,1:1,.30,.31,.37,,,,
,
National Aust Bank Last Sale Price $24.00,
NABXOC,20.00,25/08/11,2:1,2.28,2.29,.295,,,,
NABXOB,21.00,25/08/11,2:1,1.74,1.75,.24,,,,
NABXOA,22.16,25/08/11,2:1,1.10,1.11,1.53,,,,
NABXOD,23.00,25/08/11,2:1,.69,.70,.70,-12,75,,
NABXOL,21.50,27/10/11,2:1,1.49,1.50,1.32,,,,
NABXOK,22.00,27/10/11,2:1,1.23,1.24,,,,,
NABXOJ,22.50,27/10/11,2:1,.97,.98,1.23,,,,
NABKMD,12.31,31/12/29,1:1,11.67,11.70,,,,,
NABKZL,13.07,31/12/29,1:1,10.93,10.94,11.87,,,,
NABKMB,14.13,31/12/29,1:1,9.85,9.88,,,,,
NABKZN,16.65,31/12/29,1:1,7.35,7.36,8.03,,,,
NABKOB,17.78,31/12/29,1:1,6.22,6.23,6.24,,,,
NABKMC,18.46,31/12/29,1:1,5.52,5.55,,,,,
NABKZM,18.91,31/12/29,1:1,5.08,5.09,5.14,-18,4,,
NABKOC,19.38,31/12/29,1:1,4.63,4.64,5.60,,,,
NABKOA,19.68,31/12/29,1:1,4.32,4.33,4.52,,,,
NABKMA,20.04,31/12/29,1:1,3.94,3.97,,,,,
,
Newcrest Min Last Sale Price $39.55,
NCMXOB,35.00,25/08/11,4:1,1.39,1.40,.63,,,,
NCMXOC,33.50,27/10/11,4:1,1.79,1.80,,,,,
NCMXOE,34.00,27/10/11,4:1,1.66,1.67,1.59,,,,
NCMKZF,18.64,31/12/29,1:1,20.90,20.91,20.87,-15,12,,
NCMKMD,20.32,31/12/29,1:1,19.22,19.25,,,,,
NCMKZI,23.15,31/12/29,1:1,16.39,16.40,,,,,
NCMKMB,24.55,31/12/29,1:1,14.98,15.01,,,,,
NCMKZJ,26.55,31/12/29,1:1,13.00,13.01,,,,,
NCMKZG,27.81,31/12/29,1:1,11.74,11.75,13.24,,,,
NCMKOB,28.88,31/12/29,1:1,10.66,10.67,12.00,,,,
NCMKOA,29.55,31/12/29,1:1,9.99,10.00,10.16,,,,
NCMKMC,30.47,31/12/29,1:1,9.06,9.09,,,,,
NCMKZH,31.80,31/12/29,1:1,7.74,7.75,7.70,-64,200,,
NCMKOC,32.57,31/12/29,1:1,6.97,6.98,8.19,,,,
NCMKMA,32.77,31/12/29,1:1,6.76,6.79,,,,,
,
Nufarm Last Sale Price $4.34,
NUFKOA,3.02,31/12/29,1:1,1.31,1.32,,,,,
,
News Corp Last Sale Price $14.94,
NWSKMC,8.72,31/12/29,1:1,6.20,6.23,,,,,
NWSKZI,8.96,31/12/29,1:1,5.94,5.99,6.23,,,,
NWSKMB,10.22,31/12/29,1:1,4.70,4.73,,,,,
NWSKOA,10.53,31/12/29,1:1,4.37,4.38,4.99,,,,
NWSKZK,11.59,31/12/29,1:1,3.31,3.36,3.83,,,,
NWSKMA,11.72,31/12/29,1:1,3.20,3.23,,,,,
NWSKOB,11.84,31/12/29,1:1,3.07,3.39,3.06,,,,
,
Origin Energy Last Sale Price $14.69,
ORGKOB,10.82,31/12/29,1:1,3.85,3.86,4.62,,,,
ORGKZC,11.36,31/12/29,1:1,3.30,3.33,3.56,,,,
ORGKMA,11.64,31/12/29,1:1,2.96,3.07,2.98,-37,70,,
ORGKZD,12.92,31/12/29,1:1,1.745,1.77,1.93,,,,
ORGKOA,13.35,31/12/29,1:1,1.315,1.325,1.23,-52,90,,
,
Orica Last Sale Price $25.71,
ORIKZI,12.35,31/12/29,1:1,13.38,13.37,13.45,,,,
ORIKZJ,15.04,31/12/29,1:1,10.69,10.68,11.28,,,,
ORIKOB,17.12,31/12/29,1:1,8.61,8.62,,,,,
ORIKOA,20.64,31/12/29,1:1,5.09,5.10,,,,,
ORIKMA,21.61,31/12/29,1:1,4.10,4.13,,,,,
,
Oil Search Last Sale Price $6.83,
OSHKZD,3.22,31/12/29,1:1,3.60,3.61,3.90,,,,
OSHKZE,4.10,31/12/29,1:1,2.72,2.73,2.97,,,,
OSHKOB,4.53,31/12/29,1:1,2.30,2.31,,,,,
OSHKZF,4.83,31/12/29,1:1,1.995,2.00,2.10,,,,
OSHKOA,5.37,31/12/29,1:1,1.46,1.47,1.585,,,,
OSHKMA,5.54,31/12/29,1:1,1.27,1.295,,,,,
,
OneSteel Last Sale Price $1.76,
OSTKOA,1.33,31/12/29,1:1,.425,.435,.44,,,,
OSTKZF,1.34,31/12/29,1:1,.41,.425,.65,,,,
OSTKOC,1.44,31/12/29,1:1,.31,.32,,,,,
OSTKMA,1.47,31/12/29,1:1,.28,.305,,,,,
OSTKZG,1.54,31/12/29,1:1,.215,.23,.40,,,,
,
OZ Minerals Last Sale Price $13.63,
OZLKZD,7.85,31/12/29,1:1,5.79,5.78,,,,,
OZLKOB,8.06,31/12/29,1:1,5.60,5.61,,,,,
OZLKOA,9.57,31/12/29,1:1,4.09,4.10,4.13,-16,50,,
OZLKZC,9.82,31/12/29,1:1,3.82,3.81,3.80,-22,20,,
OZLKMA,10.47,31/12/29,1:1,3.14,3.17,,,,,
,
Panoramic Res Last Sale Price $1.78,
PANKMA,1.28,31/12/29,1:1,.485,.51,,,,,
,
Paladin Energy Last Sale Price $2.62,
PDNKOB,1.51,31/12/29,1:1,1.09,1.10,1.22,,,,
PDNKZI,1.62,31/12/29,1:1,.98,1.005,1.055,,,,
PDNKZL,1.77,31/12/29,1:1,.83,.855,.86,,,,
PDNKOA,1.86,31/12/29,1:1,.745,.755,.89,,,,
PDNKMA,1.89,31/12/29,1:1,.715,.74,,,,,
PDNKZK,2.04,31/12/29,1:1,.50,.585,.51,-7,100,,
,
PanAust Last Sale Price $4.10,
PNAKZB,2.27,31/12/29,1:1,1.805,1.83,,,,,
PNAKZA,2.78,31/12/29,1:1,1.30,1.325,1.40,,,,
PNAKOA,2.87,31/12/29,1:1,1.215,1.225,1.175,,,,
PNAKMA,3.05,31/12/29,1:1,1.035,1.06,,,,,
,
Qantas Airways Last Sale Price $1.85,
QANKOA,1.14,31/12/29,1:1,.71,.72,1.04,,,,
QANKZK,1.36,31/12/29,1:1,.485,.485,.46,,,,
QANKZJ,1.41,31/12/29,1:1,.435,.435,,,,,
QANKOC,1.47,31/12/29,1:1,.37,.38,,,,,
QANKZI,1.53,31/12/29,1:1,.315,.315,.31,+1.5,100,,
QANKMA,1.54,31/12/29,1:1,.29,.315,,,,,
,
BetaShares Gold Last Sale Price $6.31,
QAUKMA,4.09,31/12/29,1:1,2.20,2.22,,,,,
,
QBE Insurance Grp Last Sale Price $16.40,
QBEXOA,15.00,25/08/11,2:1,.885,.895,1.03,,,,
QBEXOF,16.00,27/10/11,2:1,.34,.35,.335,-19,200,,
QBEXOE,16.50,27/10/11,2:1,,,,,,,
QBEKZK,10.99,31/12/29,1:1,5.36,5.42,5.80,,,,
QBEKOB,11.82,31/12/29,1:1,4.54,4.55,,,,,
QBEKZF,12.08,31/12/29,1:1,4.26,4.32,4.40,-12,100,,
QBEKOC,13.14,31/12/29,1:1,3.21,3.22,3.50,,,,
QBEKOA,13.50,31/12/29,1:1,2.85,2.86,3.76,,,,
QBEKMA,13.82,31/12/29,1:1,2.56,2.59,,,,,
QBEKZN,14.81,31/12/29,1:1,1.535,1.59,1.595,-8.5,70,,
,
BetaShares ASX Fin Last Sale Price $7.48,
QFNKOA,5.54,31/12/29,1:1,1.93,1.94,1.94,-33,52,,
,
BetaShares ASX Res Last Sale Price $7.46,
QREKOA,5.04,31/12/29,1:1,2.42,2.43,2.79,,,,
,
QR National Last Sale Price $3.36,
QRNKOA,2.01,31/12/29,1:1,1.36,1.37,,,,,
QRNKZA,2.09,31/12/29,1:1,1.275,1.27,1.32,,,,
QRNKOC,2.57,31/12/29,1:1,.805,.815,,,,,
QRNKMA,2.62,31/12/29,1:1,.725,.75,,,,,
,
Ramsay Health Care Last Sale Price $17.48,
RHCKMA,13.41,31/12/29,1:1,4.05,4.08,,,,,
,
Rio Tinto Last Sale Price $80.00,
RIOXOE,76.00,25/08/11,4:1,1.265,1.275,1.27,-46,330,,
RIOXOD,78.00,25/08/11,4:1,.74,.75,.745,-50,150,,
RIOXOH,71.00,27/10/11,4:1,2.60,2.61,,,,,
RIOXOG,73.00,27/10/11,4:1,2.03,2.04,2.16,-34,40,,
RIOXOF,74.00,27/10/11,4:1,1.82,1.83,,,,,
RIOXOC,75.00,27/10/11,4:1,1.555,1.565,,,,,
RIOYOA,76.00,24/11/11,4:1,1.305,1.315,,,,,
RIOYOB,78.00,24/11/11,4:1,.755,.765,,,,,
RIOKZC,22.35,31/12/29,1:1,57.64,57.65,61.17,,,,
RIOKMD,41.20,31/12/29,1:1,38.79,38.82,,,,,
RIOKOA,41.41,31/12/29,1:1,38.59,38.60,43.34,,,,
RIOKZE,46.29,31/12/29,1:1,33.71,33.72,36.50,,,,
RIOKMB,48.90,31/12/29,1:1,31.09,31.12,,,,,
RIOKZG,55.27,31/12/29,1:1,24.73,24.74,27.14,,,,
RIOKOB,56.94,31/12/29,1:1,23.06,23.07,25.83,,,,
RIOKMC,61.81,31/12/29,1:1,18.18,18.21,,,,,
RIOKZH,62.49,31/12/29,1:1,17.51,17.80,17.49,-326,50,,
RIOKOC,68.93,31/12/29,1:1,11.06,11.07,11.17,-287,9,,
RIOKMA,69.24,31/12/29,1:1,10.75,10.78,,,,,
RIOKZI,70.46,31/12/29,1:1,9.53,9.54,9.80,-119,70,,
RIOKOD,71.52,31/12/29,1:1,8.48,8.49,8.50,-167,150,,
,
ResMed Inc Last Sale Price $2.73,
RMDKZE,1.96,31/12/29,1:1,.77,.775,1.02,,,,
RMDKOA,2.00,31/12/29,1:1,.73,.74,,,,,
RMDKZD,2.25,31/12/29,1:1,.48,.485,.805,,,,
RMDKMA,2.35,31/12/29,1:1,.365,.39,,,,,
RMDKOC,2.38,31/12/29,1:1,.35,.36,.545,,,,
,
Sundance Res Last Sale Price $0.53,
SDLKOA,0.30,31/12/29,1:1,.21,.22,,,,,
,
Seek Last Sale Price $6.62,
SEKKZA,4.13,31/12/29,1:1,2.50,2.50,,,,,
SEKKOA,4.53,31/12/29,1:1,2.10,2.11,,,,,
,
Sandfire Res Last Sale Price $7.80,
SFRKOA,5.50,31/12/29,1:1,2.28,2.29,2.30,,100,,
,
Sims Metal Mgt Last Sale Price $16.86,
SGMKOA,12.09,31/12/29,1:1,4.74,4.75,,,,,
SGMKZA,12.44,31/12/29,1:1,4.39,4.43,,,,,
,
Stockland Last Sale Price $3.05,
SGPKMA,2.50,31/12/29,1:1,.535,.56,,,,,
SGPKOA,2.52,31/12/29,1:1,.515,.525,.655,,,,
,
Sonic Healthcare Last Sale Price $12.14,
SHLKZA,8.40,31/12/29,1:1,3.72,3.75,,,,,
SHLKMA,8.91,31/12/29,1:1,3.22,3.25,,,,,
,
Santos Last Sale Price $12.88,
STOXOE,12.25,25/08/11,2:1,.555,.565,.845,,,,
STOXOD,12.50,25/08/11,2:1,.425,.435,.63,,,,
STOXOI,11.50,27/10/11,2:1,.885,.895,.925,,,,
STOXOH,11.75,27/10/11,2:1,.755,.765,1.15,,,,
STOKOC,8.00,31/12/29,1:1,4.88,4.89,,,,,
STOKZE,8.82,31/12/29,1:1,4.05,4.06,4.23,,,,
STOKOA,9.46,31/12/29,1:1,3.42,3.43,3.65,,,,
STOKZD,10.00,31/12/29,1:1,2.87,2.88,2.96,,,,
STOKMA,10.66,31/12/29,1:1,2.19,2.22,,,,,
STOKOB,10.81,31/12/29,1:1,2.08,2.09,1.90,,,,
STOKZG,11.53,31/12/29,1:1,1.35,1.355,1.22,-70,30,,
,
SPDR 200 Fund Last Sale Price $41.37,
STWKZB,23.83,31/12/29,1:1,17.56,17.54,19.27,,,,
STWKZD,32.12,31/12/29,1:1,9.28,9.26,10.06,,,,
STWKMA,32.15,31/12/29,1:1,9.20,9.23,,,,,
,
Suncorp Grp Last Sale Price $7.40,
SUNKZM,4.75,31/12/29,1:1,2.65,2.65,3.58,,,,
SUNKZN,6.24,31/12/29,1:1,1.165,1.16,1.215,-27.5,50,,
SUNKMA,6.30,31/12/29,1:1,1.08,1.105,,,,,
SUNKOB,6.37,31/12/29,1:1,1.035,1.045,1.40,,,,
SUNKOA,6.54,31/12/29,1:1,.86,.87,.845,-16,50,,
,
Seven West Media Last Sale Price $3.58,
SWMKZA,2.90,31/12/29,1:1,.67,.685,.85,,,,
,
Tabcorp Hldgs Last Sale Price $3.22,
TAHKOA,2.01,31/12/29,1:1,1.18,1.19,,,,,
TAHKZG,2.03,31/12/29,1:1,1.17,1.195,2.26,,,,
TAHKZH,2.25,31/12/29,1:1,.95,.975,,,,,
TAHKMA,2.43,31/12/29,1:1,.775,.80,,,,,
TAHKZF,2.55,31/12/29,1:1,.65,.675,.75,,,,
,
Transurban Grp Last Sale Price $5.11,
TCLKOA,4.03,31/12/29,1:1,1.095,1.105,1.135,,,,
TCLKMA,4.03,31/12/29,1:1,1.065,1.09,,,,,
,
Telecom Corp of NZ Last Sale Price $2.07,
TELKMA,1.45,31/12/29,1:1,.605,.63,,,,,
,
Ten Network Hldgs Last Sale Price $1.08,
TENKOC,0.71,31/12/29,1:1,.36,.37,.385,,,,
TENKZB,0.74,31/12/29,1:1,.33,.34,,,,,
TENKMA,0.83,31/12/29,1:1,.235,.26,,,,,
,
Telstra Corp Last Sale Price $2.99,
TLSXOB,2.75,25/08/11,1:1,.315,.33,,,,,
TLSXOC,2.85,25/08/11,1:1,.245,.26,.295,,,,
TLSXOJ,2.55,27/10/11,1:1,.515,.53,,,,,
TLSXOK,2.65,27/10/11,1:1,.415,.43,,,,,
TLSKMD,1.53,31/12/29,1:1,1.445,1.47,,,,,
TLSKMB,1.80,31/12/29,1:1,1.17,1.195,,,,,
TLSKZE,1.99,31/12/29,1:1,1.01,1.005,.92,,,,
TLSKOB,2.07,31/12/29,1:1,.92,.93,.90,,,,
TLSKZD,2.14,31/12/29,1:1,.86,.855,.91,,,,
TLSKOC,2.20,31/12/29,1:1,.79,.80,.70,,,,
TLSKZG,2.29,31/12/29,1:1,.705,.70,.72,-.5,151,,
TLSKMC,2.30,31/12/29,1:1,.675,.70,,,,,
TLSKOA,2.45,31/12/29,1:1,.545,.55,.545,,,,
TLSKMA,2.61,31/12/29,1:1,.37,.395,,,,,
,
Toll Hldgs Last Sale Price $4.53,
TOLKOA,3.53,31/12/29,1:1,1.015,1.025,,,,,
TOLKMA,3.57,31/12/29,1:1,.945,.97,,,,,
TOLKZJ,3.61,31/12/29,1:1,.92,.925,1.095,,,,
TOLKZH,4.05,31/12/29,1:1,.475,.48,.75,,,,
,
Tatts Grp Last Sale Price $2.32,
TTSKOA,1.76,31/12/29,1:1,.55,.56,,,,,
TTSKMA,1.79,31/12/29,1:1,.515,.54,,,,,
,
Treasury Wine Estate Last Sale Price $3.44,
TWEKZA,2.36,31/12/29,1:1,1.075,1.08,,,,,
TWEKOA,2.52,31/12/29,1:1,.915,.925,.945,-8,100,,
,
UGL Last Sale Price $13.42,
UGLKZC,8.13,31/12/29,1:1,5.24,5.29,5.65,,,,
UGLKMA,10.38,31/12/29,1:1,3.02,3.05,,,,,
,
Westpac Banking Last Sale Price $20.42,
WBCXOJ,18.50,25/08/11,2:1,1.13,1.14,1.22,,,,
WBCXOG,19.00,25/08/11,2:1,.885,.895,.915,-53,25,,
WBCXOI,20.00,25/08/11,2:1,.43,.44,.46,-36,35,,
WBCXOD,18.00,27/10/11,2:1,1.495,1.505,,,,,
WBCXOK,19.50,27/10/11,2:1,.65,.685,.82,+5,10,,
WBCYOA,20.00,24/11/11,2:1,.395,.405,.44,,33,,
WBCKZJ,10.56,31/12/29,1:1,9.88,9.86,11.80,,,,
WBCKMD,10.58,31/12/29,1:1,9.82,9.85,,,,,
WBCKOA,12.17,31/12/29,1:1,8.28,8.29,10.90,,,,
WBCKMB,12.43,31/12/29,1:1,7.98,8.01,,,,,
WBCKZK,12.61,31/12/29,1:1,7.83,7.81,9.05,,,,
WBCKZM,15.43,31/12/29,1:1,5.01,4.99,5.09,-74,72,,
WBCKMC,15.87,31/12/29,1:1,4.53,4.56,4.64,,100,,
WBCKOB,16.82,31/12/29,1:1,3.62,3.63,4.18,,,,
WBCKMA,17.54,31/12/29,1:1,2.87,2.90,3.20,,,,
WBCKZL,17.62,31/12/29,1:1,2.82,2.80,2.81,-29,185,,
WBCKOC,19.10,31/12/29,1:1,1.345,1.355,1.35,-13.5,114,,
,
Westfield Grp Last Sale Price $7.96,
WDCKZG,3.76,31/12/29,1:1,4.16,4.20,4.20,-27,20,,
WDCKOA,5.18,31/12/29,1:1,2.76,2.77,3.72,,,,
WDCKMA,6.60,31/12/29,1:1,1.35,1.375,1.49,,,,
WDCKOB,7.05,31/12/29,1:1,.88,.89,1.20,,,,
,
Wesfarmers Last Sale Price $29.32,
WESXOC,29.00,25/08/11,2:1,,,,,,,
WESXOD,28.00,27/10/11,2:1,.90,.91,1.33,,,,
WESXOE,28.50,27/10/11,2:1,.63,.64,,,,,
WESKZI,21.01,31/12/29,1:1,8.34,8.31,8.36,,,,
WESKOB,22.24,31/12/29,1:1,7.13,7.14,,,,,
WESKMA,23.15,31/12/29,1:1,6.16,6.19,,,,,
WESKZG,23.94,31/12/29,1:1,5.42,5.39,5.33,-19,30,,
WESKOA,25.42,31/12/29,1:1,3.95,3.96,4.01,,,,
,
Whitehaven Coal Last Sale Price $6.58,
WHCKOA,3.53,31/12/29,1:1,3.03,3.04,2.97,,,,
WHCKZA,4.08,31/12/29,1:1,2.47,2.50,2.40,,,,
,
WorleyParsons Last Sale Price $27.51,
WORKZD,9.33,31/12/29,1:1,18.21,18.19,18.06,,,,
WORKOB,20.15,31/12/29,1:1,7.43,7.44,,,,,
WORKZF,20.28,31/12/29,1:1,7.25,7.23,7.30,,,,
WORKMA,21.84,31/12/29,1:1,5.66,5.69,,,,,
WORKZG,22.64,31/12/29,1:1,4.90,4.88,5.62,,,,
WORKOA,23.19,31/12/29,1:1,4.39,4.40,4.41,-34,21,,
,
Woolworths Last Sale Price $26.94,
WOWXOA,23.00,25/08/11,2:1,2.11,2.12,2.29,,,,
WOWXOC,26.50,25/08/11,2:1,.34,.35,.61,,,,
WOWXOF,25.50,27/10/11,2:1,.905,.915,,,,,
WOWXOE,26.00,27/10/11,2:1,.635,.645,,,,,
WOWKOB,19.01,31/12/29,1:1,7.90,7.91,5.71,,,,
WOWKZE,19.69,31/12/29,1:1,7.20,7.25,7.95,,,,
WOWKZD,21.71,31/12/29,1:1,5.18,5.23,5.40,,,,
WOWKOA,21.71,31/12/29,1:1,5.19,5.20,12.25,,,,
WOWKMA,22.12,31/12/29,1:1,4.81,4.84,,,,,
,
Woodside Petroleum Last Sale Price $38.35,
WPLYOA,35.00,24/11/11,4:1,1.12,1.13,,,,,
WPLYOB,36.00,24/11/11,4:1,.855,.865,1.085,,,,
WPLYOC,37.00,24/11/11,4:1,.58,.59,.78,,,,
WPLYOD,38.00,24/11/11,4:1,.24,.315,,,,,
WPLKMD,20.00,31/12/29,1:1,18.34,18.37,,,,,
WPLKMB,23.35,31/12/29,1:1,14.98,15.01,16.61,,,,
WPLKZI,27.13,31/12/29,1:1,11.23,11.22,14.18,,,,
WPLKZK,28.61,31/12/29,1:1,9.76,9.75,10.96,,,,
WPLKMC,29.98,31/12/29,1:1,8.35,8.38,,,,,
WPLKOD,30.18,31/12/29,1:1,8.21,8.22,8.73,,,,
WPLKOB,31.06,31/12/29,1:1,7.34,7.35,9.93,,,,
WPLKZL,31.90,31/12/29,1:1,6.46,6.45,6.48,-99,106,,
WPLKOC,32.96,31/12/29,1:1,5.43,5.44,6.26,,,,
WPLKZA,32.99,31/12/29,1:1,5.37,5.36,5.39,-52,134,,
WPLKMA,33.17,31/12/29,1:1,5.16,5.19,5.22,-68,23,,
,
Westfield Retail Tr Last Sale Price $2.44,
WRTKZA,1.90,31/12/29,1:1,.545,.54,,,,,
WRTKMA,2.06,31/12/29,1:1,.365,.39,,,,,
,
Western Areas Last Sale Price $5.87,
WSAKZA,3.54,31/12/29,1:1,2.34,2.34,2.42,-7,100,,
WSAKOA,4.03,31/12/29,1:1,1.855,1.865,,,,,
WSAKMA,4.10,31/12/29,1:1,1.755,1.78,,,,,
,
Wotif.com Hldgs Last Sale Price $4.60,
WTFKMA,3.23,31/12/29,1:1,1.355,1.38,,,,,
,
Crude Oil (Nymex)fut,
ZCLKZA,67.50,31/12/29,.10:1,2.68,2.72,3.78,,,,
ZCLKZB,73.40,31/12/29,.10:1,2.15,2.18,2.11,,,,
,
Comex Gold Futures,
ZGCKZA,822.39,31/12/29,.01:1,7.23,7.26,7.36,,,,
ZGCKZB,944.90,31/12/29,.01:1,6.11,6.14,6.12,,,,
ZGCKZC,1143.45,31/12/29,.01:1,4.30,4.33,4.31,,,,
ZGCKZD,1280.32,31/12/29,.01:1,3.05,3.08,3.09,-2,310,,
,
Comex Copper Futures,
ZHGKZA,317.65,31/12/29,.10:1,11.85,11.90,11.71,,,,
,
Nymex Natural Gas,
ZNGKZA,2.16,31/12/29,1:1,1.875,1.90,,,,,
ZNGKZB,2.80,31/12/29,1:1,1.285,1.315,,,,,
,
Comex Silver Futures,
ZSIKZB,20.68,31/12/29,.10:1,1.71,1.735,1.86,,,,
ZSIKZA,23.96,31/12/29,.10:1,1.41,1.435,1.44,-6,40,,
ZSIKZC,28.51,31/12/29,.10:1,.995,1.02,1.015,-13,100,,
,
Barrier Put Warrants,
AGL Energy Last Sale Price $14.19,
AGKKOP,17.73,31/12/29,1:1,3.56,3.57,,,,,
AGKKZQ,19.26,31/12/29,1:1,5.07,5.07,4.74,,,,
AGKKOZ,20.26,31/12/29,1:1,6.10,6.11,,,,,
AGKKZR,20.92,31/12/29,1:1,6.74,6.74,2.89,,,,
,
Atlas Iron Last Sale Price $4.05,
AGOKMP,5.06,31/12/29,1:1,.995,1.02,,,,,
AGOKOP,5.20,31/12/29,1:1,1.155,1.165,.58,,,,
AGOKZP,6.05,31/12/29,1:1,2.01,2.01,,,,,
,
Asciano Last Sale Price $1.67,
AIOKOP,2.00,31/12/29,1:1,.325,.335,,,,,
AIOKMP,2.07,31/12/29,1:1,.385,.41,,,,,
AIOKZP,2.21,31/12/29,1:1,.535,.54,.615,,,,
,
Aristocrat Leisure Last Sale Price $2.44,
ALLKMP,2.95,31/12/29,1:1,.495,.52,,,,,
ALLKOP,3.90,31/12/29,1:1,1.445,1.455,,,,,
,
Amcor Last Sale Price $7.04,
AMCKOP,8.82,31/12/29,1:1,1.78,1.79,,,,,
AMCKMP,8.95,31/12/29,1:1,1.895,1.92,,,,,
AMCKZP,9.47,31/12/29,1:1,2.43,2.44,,,,,
,
AMP Last Sale Price $4.56,
AMPKMP,5.88,31/12/29,1:1,1.305,1.33,,,,,
AMPKOP,5.91,31/12/29,1:1,1.33,1.34,1.34,+17.5,150,,
AMPKOQ,6.75,31/12/29,1:1,2.17,2.18,,,,,
AMPKZR,7.56,31/12/29,1:1,2.98,3.00,2.87,,,,
AMPKZZ,8.21,31/12/29,1:1,3.63,3.65,2.90,,,,
,
ANZ Banking Grp Last Sale Price $20.83,
ANZXOQ,22.00,25/08/11,2:1,.74,.75,.45,,,,
ANZXOR,22.50,25/08/11,2:1,.965,.975,.90,-5.5,197,,
ANZXOY,23.50,25/08/11,2:1,1.435,1.445,1.37,,,,
ANZXOZ,25.00,27/10/11,2:1,2.04,2.05,,,,,
ANZYOP,25.50,27/10/11,2:1,2.27,2.29,,,,,
ANZYOQ,23.00,24/11/11,2:1,1.09,1.10,.88,,,,
ANZYOR,24.50,24/11/11,2:1,1.785,1.795,,,,,
ANZKMP,23.70,31/12/29,1:1,2.86,2.89,2.80,,7,,
ANZKOR,24.02,31/12/29,1:1,3.12,3.13,3.15,,40,,
ANZKMR,26.58,31/12/29,1:1,5.73,5.76,,,,,
ANZKOP,26.71,31/12/29,1:1,5.81,5.82,5.29,,,,
ANZKZX,27.06,31/12/29,1:1,6.16,6.24,6.10,,,,
ANZKMQ,28.81,31/12/29,1:1,7.96,7.99,,,,,
ANZKZT,29.45,31/12/29,1:1,8.54,8.62,8.16,,,,
ANZKOQ,30.52,31/12/29,1:1,9.63,9.64,10.43,,,,
ANZKZZ,30.94,31/12/29,1:1,10.04,10.12,9.37,,,,
ANZKMS,31.89,31/12/29,1:1,11.05,11.08,,,,,
ANZKOZ,35.61,31/12/29,1:1,14.71,14.72,,,,,
,
APA Grp Last Sale Price $4.03,
APAKOP,6.00,31/12/29,1:1,1.955,1.965,,,,,
APAKZP,6.77,31/12/29,1:1,2.72,2.75,,,,,
,
Aquila Res Last Sale Price $6.70,
AQAKMP,8.54,31/12/29,1:1,1.825,1.85,,,,,
,
ASX Last Sale Price $29.86,
ASXKOZ,37.67,31/12/29,1:1,7.85,7.86,13.45,,,,
ASXKMP,38.41,31/12/29,1:1,8.54,8.57,,,,,
ASXKOP,40.03,31/12/29,1:1,10.22,10.23,,,,,
ASXKZQ,44.12,31/12/29,1:1,14.29,14.26,,,,,
,
Alumina Last Sale Price $2.18,
AWCXOR,2.50,25/08/11,1:1,.365,.38,,,,,
AWCXOT,2.50,27/10/11,1:1,.345,.36,,,,,
AWCXOS,2.75,27/10/11,1:1,.585,.60,,,,,
AWCKOP,2.63,31/12/29,1:1,.45,.46,.41,,,,
AWCKMP,2.81,31/12/29,1:1,.615,.64,,,,,
AWCKOQ,3.00,31/12/29,1:1,.82,.83,,,,,
AWCKZQ,3.51,31/12/29,1:1,1.325,1.33,1.445,,,,
,
AWE Last Sale Price $1.25,
AWEKOP,1.90,31/12/29,1:1,.645,.655,,,,,
,
Billabong Int'l Last Sale Price $5.89,
BBGKMP,7.50,31/12/29,1:1,1.595,1.62,,,,,
BBGKOP,7.76,31/12/29,1:1,1.87,1.88,,,,,
,
Bendigo & Adelaide Last Sale Price $8.84,
BENKOP,11.01,31/12/29,1:1,2.12,2.13,1.94,,100,,
BENKMP,11.35,31/12/29,1:1,2.49,2.52,,,,,
BENKZP,12.50,31/12/29,1:1,3.61,3.66,,,,,
,
BHP Billiton Last Sale Price $41.42,
BHPXOR,45.00,25/08/11,2:1,1.83,1.84,1.84,+63.5,300,,
BHPXOZ,45.50,25/08/11,2:1,2.15,2.16,1.835,,,,
BHPYOP,48.00,27/10/11,2:1,3.19,3.20,2.02,,,,
BHPYOQ,49.00,27/10/11,2:1,3.67,3.68,,,,,
BHPYOR,50.00,27/10/11,2:1,4.13,4.14,,,,,
BHPYOS,44.50,24/11/11,2:1,1.53,1.54,1.565,+33.5,389,,
BHPYOT,46.00,24/11/11,2:1,2.23,2.24,2.03,+10.5,60,,
BHPKOT,47.54,31/12/29,1:1,6.05,6.06,3.91,,,,
BHPKMP,47.93,31/12/29,1:1,6.49,6.52,4.30,,,,
BHPKMQ,49.01,31/12/29,1:1,7.57,7.60,,,,,
BHPKZR,52.22,31/12/29,1:1,10.73,10.80,9.96,,,,
BHPKOQ,52.49,31/12/29,1:1,11.01,11.02,10.34,,,,
BHPKMS,54.48,31/12/29,1:1,13.05,13.08,,,,,
BHPKZU,56.12,31/12/29,1:1,14.63,14.71,13.21,,,,
BHPKZV,58.12,31/12/29,1:1,16.64,16.71,12.90,,,,
BHPKZT,59.61,31/12/29,1:1,18.13,18.20,17.17,,,,
BHPKMR,59.61,31/12/29,1:1,18.18,18.21,,,,,
BHPKOS,59.99,31/12/29,1:1,18.51,18.52,15.64,,,,
BHPKZW,62.01,31/12/29,1:1,20.51,20.62,20.62,,40,,
BHPKMT,65.38,31/12/29,1:1,23.94,23.97,,,,,
BHPKOZ,69.99,31/12/29,1:1,28.51,28.52,,,,,
,
Bradken Last Sale Price $8.59,
BKNKZQ,11.51,31/12/29,1:1,2.91,2.92,,,,,
,
Boral Last Sale Price $4.17,
BLDKMP,5.14,31/12/29,1:1,.955,.98,,,,,
BLDKOP,5.60,31/12/29,1:1,1.46,1.47,,,,,
BLDKOQ,5.75,31/12/29,1:1,1.615,1.625,,,,,
BLDKZR,7.56,31/12/29,1:1,3.40,3.39,2.98,,,,
,
Boart Longyear Last Sale Price $4.05,
BLYKMP,4.94,31/12/29,1:1,.875,.90,,,,,
BLYKOP,5.00,31/12/29,1:1,.945,.955,,,,,
BLYKZP,5.83,31/12/29,1:1,1.76,1.785,,,,,
,
Bank of Qld Last Sale Price $8.05,
BOQKOP,10.01,31/12/29,1:1,1.93,1.94,,,,,
BOQKMP,10.44,31/12/29,1:1,2.37,2.40,2.33,,,,
BOQKZQ,11.75,31/12/29,1:1,3.67,3.70,3.35,,,,
BOQKZP,13.59,31/12/29,1:1,5.51,5.54,,,,,
,
BlueScope Steel Last Sale Price $1.14,
BSLXOQ,1.40,25/08/11,1:1,.31,.325,,,,,
BSLXOP,1.50,25/08/11,1:1,.39,.405,.33,,,,
BSLXOS,1.75,27/10/11,1:1,.62,.635,,,,,
BSLKMP,1.53,31/12/29,1:1,.375,.40,,,,,
BSLKOQ,1.75,31/12/29,1:1,.60,.61,,,,,
BSLKZT,2.00,31/12/29,1:1,.845,.86,.665,,,,
BSLKOP,2.00,31/12/29,1:1,.85,.86,1.575,,,,
BSLKZU,2.11,31/12/29,1:1,.955,.97,.925,,,,
BSLKZS,2.61,31/12/29,1:1,1.455,1.47,1.26,,,,
,
Brambles Last Sale Price $6.93,
BXBKMP,8.39,31/12/29,1:1,1.445,1.47,,,,,
BXBKOP,8.87,31/12/29,1:1,1.935,1.945,1.675,,200,,
BXBKZR,8.98,31/12/29,1:1,2.04,2.05,1.65,,,,
BXBKOQ,9.01,31/12/29,1:1,2.08,2.09,,,,,
BXBKZP,9.27,31/12/29,1:1,2.34,2.35,2.38,,,,
,
C'wlth Bank of Aust Last Sale Price $49.27,
CBAXOW,52.00,25/08/11,4:1,.76,.77,.75,,,,
CBAXOX,53.00,25/08/11,4:1,1.005,1.05,.97,,,,
CBAXOU,54.00,25/08/11,4:1,1.23,1.24,.82,,,,
CBAXOV,55.00,25/08/11,4:1,1.495,1.505,1.485,,,,
CBAYOP,55.00,27/10/11,4:1,1.37,1.38,.935,,,,
CBAYOQ,57.00,27/10/11,4:1,1.845,1.855,,,,,
CBAYOR,58.00,27/10/11,4:1,2.09,2.10,2.01,,,,
CBAKMP,56.11,31/12/29,1:1,6.82,6.85,,,,,
CBAKOR,57.04,31/12/29,1:1,7.64,7.65,7.54,,,,
CBAKMR,62.19,31/12/29,1:1,12.90,12.93,,,,,
CBAKOP,62.23,31/12/29,1:1,12.82,12.83,11.51,,,,
CBAKZR,63.16,31/12/29,1:1,13.76,13.90,13.54,,,,
CBAKMQ,68.32,31/12/29,1:1,19.03,19.06,,,,,
CBAKZW,69.08,31/12/29,1:1,19.67,19.81,16.46,,,,
CBAKZX,70.65,31/12/29,1:1,21.25,21.39,,,,,
CBAKOQ,70.81,31/12/29,1:1,21.41,21.42,22.82,,,,
CBAKZV,71.58,31/12/29,1:1,22.18,22.32,20.20,,,,
CBAKMS,74.62,31/12/29,1:1,25.33,25.36,,,,,
CBAKOZ,82.62,31/12/29,1:1,33.21,33.22,,,,,
,
Coca-Cola Amatil Last Sale Price $11.30,
CCLKMP,13.74,31/12/29,1:1,2.42,2.45,,,,,
CCLKOP,14.76,31/12/29,1:1,3.44,3.45,,,,,
CCLKZQ,16.32,31/12/29,1:1,4.99,5.03,,,,,
,
CuDECO Last Sale Price $3.29,
CDUKMP,4.26,31/12/29,1:1,.955,.98,,,,,
,
Challenger Last Sale Price $4.89,
CGFKOP,6.00,31/12/29,1:1,1.095,1.105,,,,,
,
Cochlear Last Sale Price $70.87,
COHKOP,91.41,31/12/29,1:1,20.50,20.51,,,,,
COHKMP,92.17,31/12/29,1:1,21.28,21.31,,,,,
COHKZQ,115.25,31/12/29,1:1,44.24,44.38,45.95,,,,
,
Computershare Last Sale Price $8.21,
CPUKMP,10.44,31/12/29,1:1,2.21,2.24,,,,,
CPUKOQ,11.01,31/12/29,1:1,2.77,2.78,2.49,,,,
CPUKOP,11.64,31/12/29,1:1,3.41,3.42,,,,,
CPUKZR,12.53,31/12/29,1:1,4.27,4.32,3.68,,,,
,
CSL Last Sale Price $30.69,
CSLXOP,34.00,27/10/11,2:1,1.65,1.66,,,,,
CSLXOQ,36.00,27/10/11,2:1,2.60,2.61,,,,,
CSLKMP,39.41,31/12/29,1:1,8.71,8.74,,,,,
CSLKOP,40.62,31/12/29,1:1,9.92,9.93,8.46,,,,
CSLKZQ,42.09,31/12/29,1:1,11.37,11.40,11.03,,,,
CSLKZV,45.99,31/12/29,1:1,15.27,15.31,14.43,,,,
CSLKOZ,46.42,31/12/29,1:1,15.71,15.72,,,,,
,
CSR Last Sale Price $2.63,
CSRKMP,3.28,31/12/29,1:1,.635,.66,,,,,
CSRKOP,3.75,31/12/29,1:1,1.125,1.135,,,,,
CSRKZP,4.65,31/12/29,1:1,2.02,2.03,1.36,,,,
,
Caltex Aust Last Sale Price $10.66,
CTXKMP,13.51,31/12/29,1:1,2.83,2.86,,,,,
CTXKOP,14.51,31/12/29,1:1,3.81,3.82,,,,,
CTXKZP,17.97,31/12/29,1:1,7.27,7.32,6.89,,,,
,
Crown Last Sale Price $8.92,
CWNKMP,10.91,31/12/29,1:1,1.975,2.00,,,,,
CWNKOP,11.01,31/12/29,1:1,2.07,2.08,,,,,
,
David Jones Last Sale Price $3.00,
DJSXOP,4.20,27/10/11,1:1,1.205,1.22,,,,,
DJSXOQ,4.40,27/10/11,1:1,1.385,1.40,,,,,
DJSKMP,3.90,31/12/29,1:1,.885,.91,,,,,
DJSKRP,4.85,31/12/29,1:1,1.84,1.855,,,,,
DJSKOP,5.25,31/12/29,1:1,2.25,2.26,1.23,,,,
DJSKZP,6.24,31/12/29,1:1,3.22,3.24,3.06,,,,
,
Downer EDI Last Sale Price $3.83,
DOWKOP,4.50,31/12/29,1:1,.655,.665,,,,,
,
Echo Entertainment Last Sale Price $4.01,
EGPKOP,5.00,31/12/29,1:1,.98,.99,,,,,
,
Energy Res Last Sale Price $4.59,
ERAKMP,5.46,31/12/29,1:1,.855,.88,,,,,
ERAKOP,5.75,31/12/29,1:1,1.175,1.185,,,,,
,
Foster's Grp Last Sale Price $5.05,
FGLKMP,6.13,31/12/29,1:1,1.065,1.09,,,,,
FGLKOP,6.25,31/12/29,1:1,1.21,1.22,,,,,
FGLKZP,6.87,31/12/29,1:1,1.83,1.825,1.66,,,,
,
Fortescue Metals Grp Last Sale Price $6.31,
FMGXOQ,6.80,25/08/11,2:1,.305,.315,,,,,
FMGXOP,7.20,25/08/11,2:1,.465,.475,,,,,
FMGXOV,6.80,27/10/11,2:1,.26,.27,.115,,,,
FMGXOU,7.00,27/10/11,2:1,.35,.36,.22,,,,
FMGKOQ,7.59,31/12/29,1:1,1.25,1.26,.96,,100,,
FMGKMP,7.82,31/12/29,1:1,1.495,1.52,,,,,
FMGKOP,8.03,31/12/29,1:1,1.69,1.70,1.58,,100,,
FMGKZY,8.39,31/12/29,1:1,2.04,2.08,,,,,
FMGKMQ,8.80,31/12/29,1:1,2.47,2.50,,,,,
FMGKZV,8.98,31/12/29,1:1,2.64,2.68,2.64,+22,41,,
FMGKOR,9.00,31/12/29,1:1,2.66,2.67,,,,,
FMGKZW,9.57,31/12/29,1:1,3.23,3.27,3.47,,,,
,
Curr W Aud/Eur,
FXEKZR,0.78,01/08/11,100:1,1.51,,3.60,,,,
FXEKZS,0.79,31/12/29,100:1,3.31,3.41,,,,,
FXEKOP,0.81,31/12/29,100:1,6.19,6.25,,,,,
FXEKOQ,0.85,31/12/29,100:1,10.76,10.82,,,,,
,
Curr W Aud/Hkd,
FXHKZP,9.59,31/12/29,100:1,12.32,12.36,,,,,
,
Fairfax Media Last Sale Price $0.88,
FXJKMP,1.10,31/12/29,1:1,.205,.23,,,,,
FXJKOP,1.25,31/12/29,1:1,.37,.38,,,,,
FXJKZR,1.39,31/12/29,1:1,.515,.515,,,,,
,
Curr W Aud/Gbp,
FXPKZQ,0.69,31/12/29,100:1,3.29,3.40,3.27,,,,
FXPKZP,0.72,31/12/29,100:1,6.71,6.83,4.18,,,,
FXPKOP,0.72,31/12/29,100:1,7.24,7.30,,,,,
FXPKOQ,0.75,31/12/29,100:1,11.71,11.77,,,,,
,
Curr W Aud/Sgp,
FXSKZP,1.39,31/12/29,100:1,4.95,5.01,5.90,,,,
,
Curr W Aud/Usd,
FXUKZY,1.11,29/07/11,100:1,1.43,,1.43,,30,,
FXUKZZ,1.13,31/12/29,100:1,3.41,3.50,3.45,+91,1005,,
FXUKZP,1.15,31/12/29,100:1,5.20,5.23,5.25,+95,60,,
FXUKOP,1.16,31/12/29,100:1,5.86,5.92,,,,,
FXUKZX,1.17,31/12/29,100:1,6.55,7.00,6.30,+59,30,,
FXUKZ4,1.18,31/12/29,100:1,7.43,7.46,8.80,,,,
FXUKOQ,1.18,31/12/29,100:1,7.69,7.75,,,,,
FXUKZ5,1.20,31/12/29,100:1,9.23,9.26,8.53,,,,
FXUKOR,1.20,31/12/29,100:1,9.51,9.57,,,,,
,
Curr W Aud/Jpy,
FXYKZQ,91.91,31/12/29,100:1,8.15,8.24,9.22,,,,
FXYKOP,91.96,31/12/29,100:1,8.25,8.33,,,,,
FXYKOQ,93.96,31/12/29,100:1,10.60,10.68,,,,,
FXYKZR,95.14,31/12/29,100:1,11.95,12.05,,,,,
,
Curr W Aud/Nzd,
FXZKOP,1.36,31/12/29,100:1,7.35,7.47,,,,,
FXZKZQ,1.38,31/12/29,100:1,8.82,8.96,9.93,,,,
FXZKOQ,1.40,31/12/29,100:1,10.51,10.63,,,,,
,
Gindalbie Metals Last Sale Price $0.79,
GBGKOP,1.20,31/12/29,1:1,.40,.41,.44,,,,
,
GPT Grp Last Sale Price $3.01,
GPTKMP,3.61,31/12/29,1:1,.585,.61,,,,,
GPTKOP,4.00,31/12/29,1:1,.985,.995,,,,,
GPTKZP,4.50,31/12/29,1:1,1.49,1.495,,,,,
,
Harvey Norman Last Sale Price $2.18,
HVNKMP,2.94,31/12/29,1:1,.745,.77,,,,,
HVNKOP,3.25,31/12/29,1:1,1.065,1.075,,,,,
HVNKZQ,3.53,31/12/29,1:1,1.34,1.355,1.35,,,,
,
Insurance Aust Grp Last Sale Price $3.28,
IAGKMP,3.93,31/12/29,1:1,.635,.66,,,,,
IAGKOP,4.26,31/12/29,1:1,.975,.985,,,,,
IAGKOQ,4.50,31/12/29,1:1,1.215,1.225,,,,,
IAGKZQ,4.71,31/12/29,1:1,1.42,1.435,1.22,,,,
,
Iluka Res Last Sale Price $17.76,
ILUKMP,24.87,31/12/29,1:1,7.09,7.12,6.97,,160,,
ILUKOP,25.01,31/12/29,1:1,7.16,7.17,6.76,-25,34,,
,
Incitec Pivot Last Sale Price $3.95,
IPLKOP,4.64,31/12/29,1:1,.685,.695,2.08,,,,
IPLKMP,4.66,31/12/29,1:1,.695,.72,,,,,
IPLKZP,5.58,31/12/29,1:1,1.62,1.635,1.70,,,,
,
JB Hi-Fi Last Sale Price $15.00,
JBHKOP,22.02,31/12/29,1:1,7.04,7.05,,,,,
JBHKZQ,26.39,31/12/29,1:1,11.41,11.40,11.05,-32,30,,
,
James Hardie Ind Last Sale Price $5.73,
JHXKMP,7.31,31/12/29,1:1,1.565,1.59,,,,,
JHXKZP,9.23,31/12/29,1:1,3.49,3.50,3.35,,,,
,
Karoon Gas Aust Last Sale Price $4.40,
KARKMP,5.89,31/12/29,1:1,1.475,1.50,,,,,
KARKOP,7.25,31/12/29,1:1,2.81,2.82,,,,,
KARKZP,9.39,31/12/29,1:1,4.96,4.99,,,,,
,
Kingsgate Cons Last Sale Price $8.88,
KCNKZP,11.34,31/12/29,1:1,2.40,2.46,,,,,
KCNKMP,11.64,31/12/29,1:1,2.74,2.77,,,,,
KCNKOQ,13.00,31/12/29,1:1,4.09,4.10,,,,,
,
Leighton Hldgs Last Sale Price $21.11,
LEIKOP,26.28,31/12/29,1:1,5.22,5.23,5.09,,,,
LEIKMP,26.75,31/12/29,1:1,5.62,5.65,,,,,
LEIKOQ,29.02,31/12/29,1:1,7.96,7.97,,,,,
LEIKZQ,39.16,31/12/29,1:1,18.08,18.05,18.52,,,,
LEIKZP,46.02,31/12/29,1:1,24.95,24.92,25.29,,,,
,
Lend Lease Grp Last Sale Price $8.86,
LLCKMP,10.75,31/12/29,1:1,1.875,1.90,,,,,
LLCKOP,10.86,31/12/29,1:1,2.01,2.02,3.50,,,,
LLCKOQ,12.01,31/12/29,1:1,3.15,3.16,,,,,
LLCKZP,13.11,31/12/29,1:1,4.24,4.26,4.43,,,,
LLCKZQ,14.80,31/12/29,1:1,5.92,5.94,5.87,,,,
,
Lynas Corp Last Sale Price $2.15,
LYCYOP,2.30,24/11/11,2:1,.14,.155,,,,,
LYCKMP,2.43,31/12/29,1:1,.265,.29,,,,,
LYCKZP,2.56,31/12/29,1:1,,,.655,,,,
LYCKOP,2.75,31/12/29,1:1,.595,.605,.65,+2.5,32,,
LYCKOQ,3.00,31/12/29,1:1,.84,.85,,,,,
,
MAp Grp Last Sale Price $3.27,
MAPKOP,4.50,31/12/29,1:1,1.225,1.235,,,,,
MAPKZR,5.18,31/12/29,1:1,1.91,1.915,,,,,
,
Macarthur Coal Last Sale Price $15.55,
MCCKOP,18.51,31/12/29,1:1,2.95,2.96,,,,,
MCCKOZ,20.01,31/12/29,1:1,4.45,4.46,4.16,,,,
,
Mirvac Grp Last Sale Price $1.15,
MGRKMP,1.49,31/12/29,1:1,.325,.35,,,,,
MGRKOP,1.75,31/12/29,1:1,.595,.605,,,,,
,
Mount Gibson Iron Last Sale Price $1.80,
MGXKOP,2.25,31/12/29,1:1,.45,.46,,,,,
MGXKMP,2.34,31/12/29,1:1,.525,.55,,,,,
MGXKZP,2.66,31/12/29,1:1,.86,.865,,,,,
,
Mineral Res Last Sale Price $12.21,
MINKMP,15.48,31/12/29,1:1,3.25,3.28,,,,,
MINKZP,20.26,31/12/29,1:1,8.01,8.06,,,,,
,
Macquarie Grp Last Sale Price $27.57,
MQGXOV,31.50,27/10/11,4:1,1.13,1.14,.73,,,,
MQGXOX,32.00,27/10/11,4:1,1.23,1.24,.40,,,,
MQGXOY,32.50,27/10/11,4:1,1.32,1.33,,,,,
MQGXOZ,33.00,27/10/11,4:1,1.44,1.45,.91,,,,
MQGYOP,35.00,27/10/11,4:1,1.925,1.935,,,,,
MQGKOP,39.28,31/12/29,1:1,11.80,11.81,10.68,,,,
MQGKZV,40.02,31/12/29,1:1,12.51,12.45,12.57,+102,100,,
MQGKZW,43.02,31/12/29,1:1,15.52,15.46,15.34,+15,50,,
MQGKOQ,44.89,31/12/29,1:1,17.40,17.41,15.59,,,,
MQGKZU,48.12,31/12/29,1:1,20.62,20.56,19.65,,,,
MQGKOZ,52.37,31/12/29,1:1,24.89,24.90,13.15,,,,
MQGKZT,53.94,31/12/29,1:1,26.43,26.37,24.93,,,,
MQGKZR,75.69,31/12/29,1:1,48.19,48.13,36.13,,,,
,
Mesoblast Last Sale Price $9.09,
MSBKOP,15.00,31/12/29,1:1,5.87,5.88,,,,,
,
Metcash Last Sale Price $4.16,
MTSKOP,5.50,31/12/29,1:1,1.355,1.365,1.35,,,,
,
Myer Hldgs Last Sale Price $2.31,
MYRXOP,3.00,27/10/11,1:1,.705,.72,,,,,
MYRXOQ,3.25,27/10/11,1:1,.94,.955,.625,,,,
MYRKMP,3.00,31/12/29,1:1,.675,.70,,,,,
MYRKOP,3.50,31/12/29,1:1,1.175,1.185,1.04,,,,
MYRKZP,4.40,31/12/29,1:1,2.08,2.10,1.93,,,,
,
National Aust Bank Last Sale Price $24.00,
NABXOP,25.50,25/08/11,2:1,.875,.885,1.87,,,,
NABXOQ,26.00,25/08/11,2:1,1.105,1.115,1.42,,,,
NABXOT,26.16,25/08/11,2:1,1.195,1.205,.95,,,,
NABXOR,26.50,25/08/11,2:1,1.345,1.355,,,,,
NABXOX,27.00,27/10/11,2:1,1.51,1.52,1.02,,,,
NABXOZ,27.50,27/10/11,2:1,1.75,1.76,,,,,
NABYOP,28.00,27/10/11,2:1,1.985,1.995,,,,,
NABKMP,27.11,31/12/29,1:1,3.09,3.12,,,,,
NABKOR,28.02,31/12/29,1:1,4.01,4.02,4.47,,,,
NABKOQ,30.48,31/12/29,1:1,6.47,6.48,5.59,,,,
NABKMR,30.75,31/12/29,1:1,6.73,6.76,,,,,
NABKZR,32.94,31/12/29,1:1,8.92,8.94,8.08,,,,
NABKOP,32.98,31/12/29,1:1,8.97,8.98,8.26,,,,
NABKMQ,33.01,31/12/29,1:1,8.99,9.02,,,,,
NABKZP,36.01,31/12/29,1:1,12.00,12.02,12.53,,,,
NABKMS,36.90,31/12/29,1:1,12.89,12.92,,,,,
NABKZT,39.25,31/12/29,1:1,15.24,15.26,,,,,
,
Newcrest Min Last Sale Price $39.55,
NCMXOS,43.00,25/08/11,4:1,1.025,1.035,.745,,,,
NCMYOQ,42.00,27/10/11,4:1,.70,.71,.72,,60,,
NCMXOZ,45.00,27/10/11,4:1,1.45,1.46,.535,,,,
NCMYOP,46.00,27/10/11,4:1,1.69,1.70,.505,,,,
NCMKOP,48.01,31/12/29,1:1,8.45,8.46,5.57,,,,
NCMKMP,49.01,31/12/29,1:1,9.44,9.47,8.80,,,,
NCMKZY,50.05,31/12/29,1:1,10.45,10.50,10.48,+62,67,,
NCMKMR,50.75,31/12/29,1:1,11.19,11.22,,,,,
NCMKOQ,52.29,31/12/29,1:1,12.74,12.75,12.27,,,,
NCMKZP,55.12,31/12/29,1:1,15.52,15.57,15.06,,,,
NCMKMQ,57.21,31/12/29,1:1,17.65,17.68,,,,,
NCMKZQ,60.13,31/12/29,1:1,20.53,20.58,,,,,
NCMKMS,60.91,31/12/29,1:1,21.34,21.37,,,,,
,
Nufarm Last Sale Price $4.34,
NUFKOP,5.50,31/12/29,1:1,1.155,1.165,,,,,
,
News Corp Last Sale Price $14.94,
NWSKMP,17.50,31/12/29,1:1,2.55,2.58,2.25,,,,
NWSKMQ,19.00,31/12/29,1:1,4.05,4.08,4.00,,,,
NWSKOP,19.92,31/12/29,1:1,5.01,5.02,4.46,,,,
NWSKMR,20.40,31/12/29,1:1,5.45,5.48,,,,,
NWSKZT,20.60,31/12/29,1:1,5.68,5.67,5.45,,,,
NWSKOQ,21.02,31/12/29,1:1,6.10,6.11,,,,,
NWSKZV,21.05,31/12/29,1:1,6.13,6.12,,,,,
NWSKZU,22.45,31/12/29,1:1,7.53,7.52,7.30,,,,
,
Origin Energy Last Sale Price $14.69,
ORGKMP,18.59,31/12/29,1:1,3.87,3.90,,,,,
ORGKOP,19.15,31/12/29,1:1,4.47,4.48,3.34,,,,
ORGKZP,19.66,31/12/29,1:1,4.98,4.98,4.77,,,,
ORGKZQ,21.45,31/12/29,1:1,6.77,6.77,,,,,
,
Orica Last Sale Price $25.71,
ORIKMP,31.71,31/12/29,1:1,5.98,6.01,,,,,
ORIKOP,31.97,31/12/29,1:1,6.23,6.24,10.59,,,,
ORIKOQ,34.03,31/12/29,1:1,8.28,8.29,,,,,
ORIKZP,35.56,31/12/29,1:1,9.81,9.85,9.50,,,,
,
Oil Search Last Sale Price $6.83,
OSHKMP,8.14,31/12/29,1:1,1.295,1.32,,,,,
OSHKOP,8.32,31/12/29,1:1,1.47,1.48,2.74,,,,
OSHKOQ,9.01,31/12/29,1:1,2.16,2.17,,,,,
OSHKZR,9.16,31/12/29,1:1,2.32,2.34,2.53,,,,
OSHKZT,9.82,31/12/29,1:1,2.98,3.00,2.97,,,,
,
OneSteel Last Sale Price $1.76,
OSTKMP,2.37,31/12/29,1:1,.59,.615,,,,,
OSTKOP,2.60,31/12/29,1:1,.835,.845,.915,,,,
OSTKOQ,3.00,31/12/29,1:1,1.235,1.245,,,,,
OSTKZP,3.41,31/12/29,1:1,1.645,1.645,1.585,,,,
,
OZ Minerals Last Sale Price $13.63,
OZLKOP,18.00,31/12/29,1:1,4.33,4.34,,,,,
OZLKMP,18.14,31/12/29,1:1,4.49,4.52,,,,,
OZLKZQ,20.04,31/12/29,1:1,6.37,6.42,,,,,
OZLKZP,23.68,31/12/29,1:1,10.01,10.06,,,,,
,
Panoramic Res Last Sale Price $1.78,
PANKMP,2.39,31/12/29,1:1,.595,.62,,,,,
,
Paladin Energy Last Sale Price $2.62,
PDNKMP,3.38,31/12/29,1:1,.745,.77,,,,,
PDNKOZ,3.46,31/12/29,1:1,.845,.855,.83,,,,
PDNKZP,3.50,31/12/29,1:1,.89,.885,.92,+6,50,,
PDNKOP,3.70,31/12/29,1:1,1.085,1.095,1.89,,,,
PDNKZQ,4.00,31/12/29,1:1,1.385,1.38,,,,,
PDNKZR,4.48,31/12/29,1:1,1.865,1.86,1.78,,,,
,
PanAust Last Sale Price $4.10,
PNAKMP,5.41,31/12/29,1:1,1.295,1.32,,,,,
,
Primary Health Care Last Sale Price $3.24,
PRYKOP,5.50,31/12/29,1:1,2.28,2.29,,,,,
,
Qantas Airways Last Sale Price $1.85,
QANKMP,2.22,31/12/29,1:1,.36,.385,,,,,
QANKOP,2.28,31/12/29,1:1,.42,.43,,,,,
QANKOQ,2.60,31/12/29,1:1,.74,.75,.60,,,,
QANKZQ,3.00,31/12/29,1:1,1.145,1.16,1.155,,,,
QANKZP,3.54,31/12/29,1:1,1.685,1.70,1.375,,,,
,
QBE Insurance Grp Last Sale Price $16.40,
QBEXOQ,18.00,25/08/11,2:1,.985,.995,.575,,,,
QBEXOP,20.00,25/08/11,2:1,1.99,2.00,1.405,,,,
QBEXOX,18.50,27/10/11,2:1,1.13,1.14,,,,,
QBEXOY,19.00,27/10/11,2:1,1.37,1.38,,,,,
QBEXOZ,19.50,27/10/11,2:1,1.61,1.62,,,,,
QBEKMP,20.29,31/12/29,1:1,3.87,3.90,,,,,
QBEKOP,20.91,31/12/29,1:1,4.55,4.56,4.46,+12,25,,
QBEKZR,22.82,31/12/29,1:1,6.46,6.43,5.65,,,,
QBEKOR,23.02,31/12/29,1:1,6.65,6.66,,,,,
QBEKZS,25.06,31/12/29,1:1,8.69,8.66,7.64,,,,
QBEKZT,26.06,31/12/29,1:1,9.69,9.66,,,,,
,
QR National Last Sale Price $3.36,
QRNKOZ,3.96,31/12/29,1:1,.575,.585,1.815,,,,
QRNKMP,4.18,31/12/29,1:1,.805,.83,,,,,
QRNKZR,4.19,31/12/29,1:1,.81,.835,.805,,,,
QRNKOP,4.50,31/12/29,1:1,1.115,1.125,,,,,
,
Ramsay Health Care Last Sale Price $17.48,
RHCKMP,22.33,31/12/29,1:1,4.83,4.86,,,,,
,
Rio Tinto Last Sale Price $80.00,
RIOXOW,84.00,25/08/11,4:1,1.145,1.155,.535,,,,
RIOXOU,85.00,25/08/11,4:1,1.44,1.45,1.02,,,,
RIOXOV,90.00,25/08/11,4:1,2.62,2.63,.54,,,,
RIOXOX,91.00,25/08/11,4:1,2.86,2.87,1.65,,,,
RIOXOY,86.00,27/10/11,4:1,1.555,1.565,1.255,,,,
RIOXOZ,87.00,27/10/11,4:1,1.785,1.795,,,,,
RIOYOP,88.00,27/10/11,4:1,2.02,2.03,,,,,
RIOYOQ,89.00,27/10/11,4:1,2.25,2.26,2.27,+28.5,30,,
RIOYOR,86.00,24/11/11,4:1,1.53,1.54,,,,,
RIOYOS,92.00,24/11/11,4:1,2.91,2.92,,,,,
RIOKOS,92.07,31/12/29,1:1,12.06,12.07,11.63,+98,50,,
RIOKMP,93.42,31/12/29,1:1,13.39,13.42,,,,,
RIOKZW,95.04,31/12/29,1:1,15.02,15.05,15.00,+117,2,,
RIOKOR,96.21,31/12/29,1:1,16.20,16.21,14.17,,,,
RIOKZV,100.05,31/12/29,1:1,20.02,20.05,17.43,,,,
RIOKMR,102.94,31/12/29,1:1,22.91,22.94,,,,,
RIOKZR,106.68,31/12/29,1:1,26.66,26.69,24.16,,,,
RIOKOP,111.28,31/12/29,1:1,31.28,31.29,,,,,
RIOKZS,113.51,31/12/29,1:1,33.49,33.52,32.80,,,,
RIOKMQ,113.82,31/12/29,1:1,33.80,33.83,,,,,
RIOKZT,114.13,31/12/29,1:1,34.11,34.14,28.07,,,,
RIOKZU,116.25,31/12/29,1:1,36.22,36.25,,,,,
RIOKMS,123.52,31/12/29,1:1,43.49,43.52,,,,,
RIOKOQ,129.84,31/12/29,1:1,49.83,49.84,22.02,,,,
,
ResMed Inc Last Sale Price $2.73,
RMDKMP,3.59,31/12/29,1:1,.845,.87,,,,,
RMDKOP,4.00,31/12/29,1:1,1.25,1.26,,,,,
,
Seek Last Sale Price $6.62,
SEKKOP,8.26,31/12/29,1:1,1.61,1.62,,,,,
,
Sandfire Res Last Sale Price $7.80,
SFRKOP,12.00,31/12/29,1:1,4.20,4.21,,,,,
,
Sims Metal Mgt Last Sale Price $16.86,
SGMKOP,21.02,31/12/29,1:1,4.18,4.20,,,,,
SGMKZQ,25.26,31/12/29,1:1,8.40,8.40,,,,,
,
Stockland Last Sale Price $3.05,
SGPKMP,3.74,31/12/29,1:1,.675,.70,,,,,
SGPKOP,4.25,31/12/29,1:1,1.205,1.215,1.06,,,,
,
Sonic Healthcare Last Sale Price $12.14,
SHLKMP,16.52,31/12/29,1:1,4.36,4.39,,,,,
SHLKZP,19.78,31/12/29,1:1,7.65,7.75,7.17,,,,
,
Santos Last Sale Price $12.88,
STOXOR,15.00,25/08/11,2:1,1.17,1.18,.49,,,,
STOXOS,16.50,25/08/11,2:1,1.92,1.93,,,,,
STOXOX,15.50,27/10/11,2:1,1.365,1.375,,,,,
STOXOY,16.00,27/10/11,2:1,1.605,1.615,,,,,
STOKMP,15.97,31/12/29,1:1,3.08,3.11,,,,,
STOKOP,16.75,31/12/29,1:1,3.85,3.86,,,,,
STOKOQ,19.13,31/12/29,1:1,6.23,6.24,6.61,,,,
STOKZU,19.54,31/12/29,1:1,6.64,6.66,6.50,,,,
STOKZV,21.55,31/12/29,1:1,8.65,8.67,,,,,
,
Suncorp Grp Last Sale Price $7.40,
SUNKMP,9.06,31/12/29,1:1,1.645,1.67,,,,,
SUNKOP,10.14,31/12/29,1:1,2.72,2.73,3.71,,,,
SUNKZP,10.84,31/12/29,1:1,3.41,3.44,3.45,+70,6,,
SUNKZQ,11.52,31/12/29,1:1,4.10,4.13,,,,,
SUNKOQ,11.58,31/12/29,1:1,4.16,4.17,2.12,,,,
,
Seven West Media Last Sale Price $3.58,
SWMKOP,5.50,31/12/29,1:1,1.925,1.935,1.93,,,,
SWMKZP,5.87,31/12/29,1:1,2.29,2.30,2.31,,207,,
,
Tabcorp Hldgs Last Sale Price $3.22,
TAHKOP,3.80,31/12/29,1:1,.595,.605,,,,,
TAHKMP,4.05,31/12/29,1:1,.815,.84,,,,,
TAHKZP,4.20,31/12/29,1:1,.985,.98,1.07,,,,
,
Transurban Grp Last Sale Price $5.11,
TCLKMP,6.43,31/12/29,1:1,1.305,1.33,,,,,
TCLKOP,6.76,31/12/29,1:1,1.62,1.63,,,,,
,
Telecom Corp of NZ Last Sale Price $2.07,
TELKMP,2.69,31/12/29,1:1,.605,.63,,,,,
,
Ten Network Hldgs Last Sale Price $1.08,
TENKMP,1.38,31/12/29,1:1,.285,.31,,,,,
TENKZP,1.80,31/12/29,1:1,.72,.725,,,,,
,
Telstra Corp Last Sale Price $2.99,
TLSXOR,3.30,25/08/11,1:1,.325,.34,,,,,
TLSXOX,3.10,27/10/11,1:1,.125,.14,,,,,
TLSXOY,3.20,27/10/11,1:1,.215,.23,,,,,
TLSKZQ,3.36,31/12/29,1:1,.345,.37,.40,,,,
TLSKMP,3.50,31/12/29,1:1,.495,.52,,,,,
TLSKOP,3.80,31/12/29,1:1,.795,.805,,,,,
TLSKMR,3.83,31/12/29,1:1,.825,.85,,,,,
TLSKZP,3.84,31/12/29,1:1,.83,.855,.91,,,,
TLSKZR,3.86,31/12/29,1:1,.845,.87,,,,,
TLSKMQ,4.20,31/12/29,1:1,1.195,1.22,,,,,
TLSKOQ,4.34,31/12/29,1:1,1.335,1.345,,,,,
TLSKMS,4.59,31/12/29,1:1,1.585,1.61,,,,,
,
Toll Hldgs Last Sale Price $4.53,
TOLKMP,5.69,31/12/29,1:1,1.145,1.17,,,,,
TOLKOP,6.25,31/12/29,1:1,1.695,1.705,,,,,
TOLKZS,6.82,31/12/29,1:1,2.26,2.29,,,,,
TOLKZR,8.09,31/12/29,1:1,3.54,3.57,4.79,,,,
,
Tatts Grp Last Sale Price $2.32,
TTSKMP,2.87,31/12/29,1:1,.535,.56,,,,,
TTSKOP,3.00,31/12/29,1:1,.675,.685,,,,,
,
Treasury Wine Estate Last Sale Price $3.44,
TWEKOP,4.50,31/12/29,1:1,1.055,1.065,,,,,
TWEKZP,4.80,31/12/29,1:1,1.34,1.365,,,,,
,
UGL Last Sale Price $13.42,
UGLKMP,17.28,31/12/29,1:1,3.84,3.87,,,,,
,
Westpac Banking Last Sale Price $20.42,
WBCXOU,22.00,25/08/11,2:1,.935,.945,1.815,,,,
WBCXOT,22.50,25/08/11,2:1,1.13,1.14,.685,,,,
WBCXOV,23.00,25/08/11,2:1,1.42,1.43,.805,,,,
WBCXOS,23.50,25/08/11,2:1,1.685,1.695,.80,,,,
WBCXOZ,24.00,27/10/11,2:1,1.785,1.795,,,,,
WBCYOP,25.00,27/10/11,2:1,2.20,2.28,,,,,
WBCYOQ,26.00,24/11/11,2:1,2.72,2.73,,,,,
WBCKMP,23.70,31/12/29,1:1,3.27,3.30,,,,,
WBCKMR,26.43,31/12/29,1:1,5.99,6.02,,,,,
WBCKOP,26.54,31/12/29,1:1,6.08,6.09,5.80,,,,
WBCKZP,28.30,31/12/29,1:1,7.84,7.89,7.05,,,,
WBCKMQ,28.91,31/12/29,1:1,8.47,8.50,,,,,
WBCKOQ,30.33,31/12/29,1:1,9.87,9.88,10.19,,,,
WBCKMS,31.71,31/12/29,1:1,11.28,11.31,,,,,
WBCKZZ,32.31,31/12/29,1:1,11.85,11.90,10.12,,,,
,
Westfield Grp Last Sale Price $7.96,
WDCKMP,9.89,31/12/29,1:1,1.915,1.94,,,,,
WDCKOP,10.80,31/12/29,1:1,2.86,2.87,2.79,,,,
WDCKOQ,11.51,31/12/29,1:1,3.56,3.57,,,,,
WDCKZR,14.33,31/12/29,1:1,6.39,6.38,6.12,,,,
,
Wesfarmers Last Sale Price $29.32,
WESXOR,32.00,25/08/11,2:1,1.485,1.495,.365,,,,
WESXOS,32.50,25/08/11,2:1,1.72,1.73,.55,,,,
WESXOY,33.50,25/08/11,2:1,2.20,2.21,1.235,,,,
WESXOT,35.00,25/08/11,2:1,2.99,3.00,,,,,
WESXOX,34.00,27/10/11,2:1,2.31,2.32,,,,,
WESXOZ,36.00,27/10/11,2:1,3.28,3.29,,,,,
WESKZP,38.02,31/12/29,1:1,8.63,8.70,7.20,,,,
WESKMP,38.55,31/12/29,1:1,9.21,9.24,,,,,
WESKOQ,39.37,31/12/29,1:1,9.99,10.00,8.20,,,,
WESKZW,40.47,31/12/29,1:1,11.08,11.15,11.30,+28,12,,
WESKOP,41.15,31/12/29,1:1,11.76,11.77,10.01,,,,
WESKZX,42.88,31/12/29,1:1,13.50,13.57,9.75,,,,
WESKZZ,44.09,31/12/29,1:1,14.71,14.78,11.44,,,,
,
Whitehaven Coal Last Sale Price $6.58,
WHCKZP,8.30,31/12/29,1:1,1.725,1.72,1.82,,,,
WHCKOP,10.00,31/12/29,1:1,3.43,3.44,,,,,
,
WorleyParsons Last Sale Price $27.51,
WORKOP,35.92,31/12/29,1:1,8.33,8.34,8.05,,,,
WORKMP,36.36,31/12/29,1:1,8.84,8.87,,,,,
WORKZV,37.02,31/12/29,1:1,9.42,9.51,7.76,,,,
WORKOQ,38.03,31/12/29,1:1,10.44,10.45,,,,,
WORKZS,40.05,31/12/29,1:1,12.45,12.54,12.70,,,,
WORKZT,42.59,31/12/29,1:1,15.00,15.09,,,,,
WORKZU,45.11,31/12/29,1:1,17.52,17.61,16.64,,,,
,
Woolworths Last Sale Price $26.94,
WOWXOQ,29.00,25/08/11,2:1,1.11,1.12,.695,,,,
WOWXOP,29.50,25/08/11,2:1,1.385,1.395,1.00,,,,
WOWXOX,28.00,27/10/11,2:1,.585,.595,,,,,
WOWXOZ,28.50,27/10/11,2:1,.81,.82,.56,,,,
WOWKZR,29.52,31/12/29,1:1,2.60,2.58,2.15,,,,
WOWKZT,31.74,31/12/29,1:1,4.82,4.80,4.28,,,,
WOWKMP,33.16,31/12/29,1:1,6.21,6.24,,,,,
WOWKOP,33.63,31/12/29,1:1,6.72,6.73,10.54,,,,
WOWKOQ,35.12,31/12/29,1:1,8.20,8.21,8.43,,,,
WOWKZU,36.28,31/12/29,1:1,9.36,9.34,,,,,
WOWKZS,36.37,31/12/29,1:1,9.46,9.44,10.65,,,,
,
Woodside Petroleum Last Sale Price $38.35,
WPLXOP,47.00,25/08/11,4:1,2.35,2.36,,,,,
WPLYOQ,41.00,24/11/11,4:1,.77,.78,,,,,
WPLYOP,42.00,24/11/11,4:1,1.00,1.01,,,,,
WPLYOR,43.00,24/11/11,4:1,1.23,1.24,,,,,
WPLYOS,45.00,24/11/11,4:1,1.70,1.71,,,,,
WPLKMP,44.71,31/12/29,1:1,6.34,6.37,,,,,
WPLKMR,49.94,31/12/29,1:1,11.58,11.61,,,,,
WPLKZP,50.02,31/12/29,1:1,11.62,11.68,,,,,
WPLKOQ,51.05,31/12/29,1:1,12.65,12.66,14.00,,,,
WPLKMQ,54.41,31/12/29,1:1,16.04,16.07,,,,,
WPLKZQ,55.03,31/12/29,1:1,16.62,16.68,15.02,,,,
WPLKOS,58.35,31/12/29,1:1,19.95,19.96,,,,,
WPLKMS,59.93,31/12/29,1:1,21.57,21.60,,,,,
WPLKZY,60.97,31/12/29,1:1,22.56,22.62,20.80,,,,
WPLKOZ,68.07,31/12/29,1:1,29.67,29.68,17.23,,,,
WPLKZZ,68.67,31/12/29,1:1,30.26,30.32,27.77,,,,
,
Westfield Retail Tr Last Sale Price $2.44,
WRTKMP,3.10,31/12/29,1:1,.645,.67,,,,,
WRTKZP,3.86,31/12/29,1:1,1.40,1.425,,,,,
,
Western Areas Last Sale Price $5.87,
WSAKMP,7.61,31/12/29,1:1,1.725,1.75,,,,,
,
Wotif.com Hldgs Last Sale Price $4.60,
WTFKMP,6.01,31/12/29,1:1,1.395,1.42,,,,,
,
Crude Oil (Nymex)fut,
ZCLKZQ,129.75,31/12/29,.10:1,2.97,3.00,2.99,,,,
ZCLKZR,134.80,31/12/29,.10:1,3.43,3.46,3.26,,,,
ZCLKZS,144.38,31/12/29,.10:1,4.30,4.33,,,,,
,
Comex Gold Futures,
ZGCKZQ,1830.67,31/12/29,.01:1,1.945,1.97,1.945,,,,
ZGCKZT,1977.50,31/12/29,.01:1,3.28,3.31,,,,,
ZGCKZU,2076.51,31/12/29,.01:1,4.19,4.22,4.54,,,,
ZGCKZS,2139.70,31/12/29,.01:1,4.76,4.80,1.99,,,,
,
Comex Copper Futures,
ZHGKZQ,510.60,31/12/29,.10:1,5.71,5.76,6.00,,,,
ZHGKZR,535.08,31/12/29,.10:1,7.95,7.99,8.67,,,,
,
Nymex Natural Gas,
ZNGKZP,6.60,31/12/29,1:1,2.15,2.18,,,,,
,
Comex Silver Futures,
ZSIKZT,57.32,31/12/29,.10:1,1.61,1.635,1.48,,,,
ZSIKZV,59.30,31/12/29,.10:1,1.79,1.815,2.30,,,,
ZSIKZU,61.28,31/12/29,.10:1,1.97,1.995,,,,,
,
Barrier Installment Warrants,
AGL Energy Last Sale Price $14.19,
AGKSZU,7.30,04/02/19,1:1,6.85,6.89,,,,,
AGKSZX,8.44,04/02/19,1:1,5.71,5.75,5.96,,,,
,
Asciano Last Sale Price $1.67,
AIOSZW,0.61,28/12/17,1:1,1.055,1.065,,,,,
AIOSZX,0.82,04/02/19,1:1,.84,.85,.92,,,,
,
Amcor Last Sale Price $7.04,
AMCSZX,3.31,04/02/19,1:1,3.71,3.73,3.77,,,,
,
AMP Last Sale Price $4.56,
AMPJZ2,3.33,22/12/11,1:1,1.225,1.23,1.48,,,,
AMPSZX,2.35,04/02/19,1:1,2.20,2.21,2.53,,,,
AMPSZW,3.22,04/02/19,1:1,1.34,1.34,1.68,,,,
,
ANZ Banking Grp Last Sale Price $20.83,
ANZSZX,5.42,04/02/19,1:1,15.47,15.42,16.41,,,,
ANZSZW,9.78,04/02/19,1:1,11.10,11.05,11.82,,,,
ANZSZV,12.28,04/02/19,1:1,8.60,8.55,8.72,,,,
,
ASX Last Sale Price $29.86,
ASXSZX,11.82,04/02/19,1:1,17.99,18.05,19.16,,,,
ASXSZW,17.21,04/02/19,1:1,12.60,12.66,13.60,,,,
,
BHP Billiton Last Sale Price $41.42,
BHPSZX,14.38,04/02/19,1:1,27.08,27.05,28.39,,,,
BHPSZW,18.24,04/02/19,1:1,23.22,23.19,24.82,,,,
BHPSZU,19.61,04/02/19,1:1,21.85,21.82,23.04,,,,
BHPSZV,23.99,04/02/19,1:1,17.47,17.44,19.75,,,,
,
Boart Longyear Last Sale Price $4.05,
BLYSZW,1.72,28/12/17,1:1,2.33,2.34,,,,,
BLYSZX,2.26,04/02/19,1:1,1.79,1.795,1.99,,,,
,
Bank of Qld Last Sale Price $8.05,
BOQSZU,4.84,04/02/19,1:1,3.22,3.22,2.96,,,,
BOQSZX,6.03,04/02/19,1:1,2.03,2.03,2.39,,,,
,
BlueScope Steel Last Sale Price $1.14,
BSLSZT,0.51,28/12/17,1:1,.64,.635,,,,,
BSLSZU,0.89,04/02/19,1:1,.255,.255,.34,,,,
,
Brambles Last Sale Price $6.93,
BXBSZX,2.79,04/02/19,1:1,4.13,4.15,4.20,,,,
BXBSZV,3.65,04/02/19,1:1,3.27,3.29,3.30,,,,
,
C'wlth Bank of Aust Last Sale Price $49.27,
CBAJZ2,32.32,22/12/11,1:1,17.06,16.96,17.10,,,,
CBASZX,11.20,04/02/19,1:1,38.18,38.08,37.73,,,,
CBASZW,16.21,04/02/19,1:1,33.17,33.07,32.60,,,,
CBASZV,26.13,04/02/19,1:1,23.24,23.14,23.37,,,,
CBASZU,31.31,04/02/19,1:1,18.06,17.96,18.18,,,,
,
Coca-Cola Amatil Last Sale Price $11.30,
CCLSZX,3.98,04/02/19,1:1,7.33,7.33,7.39,,,,
CCLSZW,5.70,04/02/19,1:1,5.60,5.60,5.67,,,,
,
Cochlear Last Sale Price $70.87,
COHSZX,26.01,04/02/19,1:1,44.93,44.86,49.02,,,,
COHSZW,32.88,04/02/19,1:1,38.07,38.00,38.40,,,,
,
C'wlth Prop Office Last Sale Price $0.95,
CPASZX,0.43,04/02/19,1:1,.515,.52,,,,,
,
Computershare Last Sale Price $8.21,
CPUSZV,3.79,28/12/17,1:1,4.44,4.43,4.61,,,,
CPUSZW,5.19,04/02/19,1:1,3.04,3.03,3.30,,,,
CPUSZX,6.58,04/02/19,1:1,1.65,1.635,2.25,,,,
,
CSL Last Sale Price $30.69,
CSLSZW,13.23,28/12/17,1:1,17.47,17.47,,,,,
CSLSZX,19.52,04/02/19,1:1,11.18,11.18,13.13,,,,
,
CSR Last Sale Price $2.63,
CSRSZX,1.36,04/02/19,1:1,1.255,1.27,1.455,,,,
,
Crown Last Sale Price $8.92,
CWNSZX,3.90,04/02/19,1:1,5.02,5.03,4.83,,,,
,
David Jones Last Sale Price $3.00,
DJSSZX,1.51,04/02/19,1:1,1.49,1.495,2.94,,,,
DJSSZV,2.48,04/02/19,1:1,.515,.52,.675,,,,
,
Downer EDI Last Sale Price $3.83,
DOWSZW,1.51,28/12/17,1:1,2.32,2.32,,,,,
DOWSZX,2.45,04/02/19,1:1,1.385,1.38,1.21,,,,
,
DUET Grp Last Sale Price $1.55,
DUESZX,0.75,04/02/19,1:1,.80,.80,,,,,
,
Echo Entertainment Last Sale Price $4.01,
EGPSZX,1.27,04/02/19,1:1,2.74,2.75,2.72,-13,11,,
EGPSZW,1.82,04/02/19,1:1,2.19,2.20,2.30,,,,
,
Foster's Grp Last Sale Price $5.05,
FGLSZX,1.32,04/02/19,1:1,3.71,3.74,3.35,,,,
FGLSZU,2.92,04/02/19,1:1,2.11,2.14,,,,,
,
Fortescue Metals Grp Last Sale Price $6.31,
FMGSZX,3.30,04/02/19,1:1,3.02,3.01,3.15,,,,
,
Fleetwood Corp Last Sale Price $11.44,
FWDSZX,6.16,04/02/19,1:1,5.28,5.29,5.53,,,,
,
Goodman Fielder Last Sale Price $0.90,
GFFSZW,0.40,28/12/17,1:1,.495,.50,.53,,,,
GFFSZU,0.62,04/02/19,1:1,.275,.28,,,,,
GFFSZX,0.69,04/02/19,1:1,.205,.21,.31,,,,
,
Hastings Divers Last Sale Price $1.61,
HDFSZX,0.63,04/02/19,1:1,.98,.985,.93,,,,
,
Harvey Norman Last Sale Price $2.18,
HVNSZW,1.38,04/02/19,1:1,.795,.80,,,,,
,
Insurance Aust Grp Last Sale Price $3.28,
IAGSZX,1.97,04/02/19,1:1,1.305,1.31,1.695,,,,
,
iShares S&P High Div Last Sale Price $13.84,
IHDSZX,7.45,04/02/19,1:1,6.38,6.41,6.96,,,,
,
JB Hi-Fi Last Sale Price $15.00,
JBHSZX,11.35,04/02/19,1:1,3.62,3.66,3.65,-5,27,,
,
Leighton Hldgs Last Sale Price $21.11,
LEISZX,6.33,04/02/19,1:1,14.71,14.78,18.05,,,,
LEISZW,10.05,04/02/19,1:1,11.00,11.07,9.41,,,,
LEISZU,17.20,04/02/19,1:1,3.84,3.91,4.64,,,,
,
Lend Lease Grp Last Sale Price $8.86,
LLCSZX,1.91,04/02/19,1:1,6.93,6.95,6.75,,,,
LLCSZW,3.38,04/02/19,1:1,5.46,5.48,5.22,,,,
LLCSZU,4.76,04/02/19,1:1,4.09,4.11,4.17,,,,
LLCSZV,6.06,04/02/19,1:1,2.79,2.81,2.84,,,,
,
MAp Grp Last Sale Price $3.27,
MAPSZX,0.64,04/02/19,1:1,2.61,2.63,2.76,,,,
MAPSZW,1.39,04/02/19,1:1,1.865,1.88,2.01,,,,
,
Mirvac Grp Last Sale Price $1.15,
MGRSZX,0.56,04/02/19,1:1,.58,.595,.68,,,,
,
Macquarie Grp Last Sale Price $27.57,
MQGSZX,10.91,04/02/19,1:1,16.56,16.66,16.93,,,,
MQGSZW,14.64,04/02/19,1:1,12.84,12.94,13.28,,,,
,
Metcash Last Sale Price $4.16,
MTSSZX,1.79,04/02/19,1:1,2.34,2.37,2.33,,,,
,
Myer Hldgs Last Sale Price $2.31,
MYRSZW,1.11,28/12/17,1:1,1.195,1.20,1.53,,,,
MYRSZX,1.68,04/02/19,1:1,.625,.63,.765,,,,
,
National Aust Bank Last Sale Price $24.00,
NABSZX,8.12,04/02/19,1:1,15.87,15.88,15.98,,,,
NABSZW,12.66,04/02/19,1:1,11.33,11.34,11.35,-23,7,,
,
Newcrest Min Last Sale Price $39.55,
NCMSZX,17.96,04/02/19,1:1,21.58,21.59,22.24,,,,
,
News Corp Last Sale Price $14.94,
NWSSZW,6.49,28/12/17,1:1,8.40,8.45,,,,,
NWSSZX,9.19,04/02/19,1:1,5.70,5.75,6.02,,,,
,
Origin Energy Last Sale Price $14.69,
ORGSZX,6.81,04/02/19,1:1,7.85,7.88,8.30,,,,
ORGSZW,9.07,04/02/19,1:1,5.59,5.62,5.95,,,,
,
Orica Last Sale Price $25.71,
ORISZX,10.84,04/02/19,1:1,14.89,14.88,15.25,,,,
,
Oil Search Last Sale Price $6.83,
OSHSZX,3.07,04/02/19,1:1,3.76,3.77,3.58,,,,
,
OZ Minerals Last Sale Price $13.63,
OZLSZX,6.50,04/02/19,1:1,7.15,7.14,6.63,,,,
,
Perpetual Last Sale Price $23.58,
PPTSZU,16.56,04/02/19,1:1,6.96,7.03,8.09,,,,
PPTSZX,18.82,04/02/19,1:1,4.69,4.76,4.81,-134,110,,
,
Primary Health Care Last Sale Price $3.24,
PRYSZU,1.69,04/02/19,1:1,1.52,1.555,,,,,
PRYSZX,2.27,04/02/19,1:1,.94,.975,1.19,,,,
,
Qantas Airways Last Sale Price $1.85,
QANSZT,0.76,28/12/17,1:1,1.09,1.09,,,,,
QANSZU,1.14,04/02/19,1:1,.71,.71,.76,,,,
QANSZX,1.47,04/02/19,1:1,.38,.38,.35,,,,
,
QBE Insurance Grp Last Sale Price $16.40,
QBEJZ2,11.61,22/12/11,1:1,4.73,4.79,5.19,,,,
QBESZW,8.52,04/02/19,1:1,7.83,7.89,8.56,,,,
QBESZX,11.18,04/02/19,1:1,5.16,5.22,5.56,,,,
,
QR National Last Sale Price $3.36,
QRNSZX,1.44,04/02/19,1:1,1.93,1.925,,,,,
,
Rio Tinto Last Sale Price $80.00,
RIOSZX,3.72,04/02/19,1:1,76.27,76.28,83.70,,,,
RIOSZW,29.35,04/02/19,1:1,50.65,50.66,51.66,,,,
RIOSZU,33.91,04/02/19,1:1,46.08,46.09,46.30,,,,
RIOSZV,39.99,04/02/19,1:1,40.00,40.01,42.67,,,,
,
ResMed Inc Last Sale Price $2.73,
RMDSZW,1.16,28/12/17,1:1,1.565,1.57,,,,,
RMDSZX,1.81,04/02/19,1:1,.915,.92,1.33,,,,
,
SPDR 50 Fund Last Sale Price $42.47,
SFYSZX,18.46,04/02/19,1:1,23.93,24.04,26.93,,,,
SFYSZW,23.43,04/02/19,1:1,18.95,19.06,20.96,,,,
SFYSOX,22.06,19/11/20,1:1,20.28,,,,,,
,
Stockland Last Sale Price $3.05,
SGPSZW,1.29,28/12/17,1:1,1.745,1.76,,,,,
SGPSZU,1.81,04/02/19,1:1,1.23,1.245,1.30,,,,
SGPSZX,2.12,04/02/19,1:1,.915,.93,1.065,,,,
,
Sonic Healthcare Last Sale Price $12.14,
SHLSZX,5.87,04/02/19,1:1,6.25,6.28,5.28,,,,
SHLSZW,7.80,04/02/19,1:1,4.32,4.35,4.22,,,,
,
Spark Infrastructure Last Sale Price $1.30,
SKISZX,0.55,04/02/19,1:1,.735,.75,.77,,,,
,
SPDR Prop Fund Last Sale Price $7.25,
SLFSZX,3.19,04/02/19,1:1,4.00,4.07,4.57,,,,
SLFSZW,4.35,04/02/19,1:1,2.83,2.90,3.78,,,,
SLFSOX,3.97,19/11/20,1:1,3.22,,,,,,
,
Santos Last Sale Price $12.88,
STOSZW,6.51,04/02/19,1:1,6.36,6.37,6.71,,,,
STOSZX,8.21,04/02/19,1:1,4.66,4.67,4.75,,,,
,
SPDR 200 Fund Last Sale Price $41.37,
STWSZX,16.77,04/02/19,1:1,24.63,24.61,26.60,,,,
STWSZU,20.82,04/02/19,1:1,20.58,20.56,21.90,,,,
STWSZW,25.72,04/02/19,1:1,15.68,15.66,16.15,,,,
STWSZV,33.76,04/02/19,1:1,7.64,7.62,8.70,,,,
STWSOX,22.65,19/11/20,1:1,18.75,,19.30,,,,
,
Suncorp Grp Last Sale Price $7.40,
SUNSZX,2.68,04/02/19,1:1,4.73,4.73,5.42,,,,
SUNSZW,4.18,04/02/19,1:1,3.22,3.22,3.46,,,,
,
Seven West Media Last Sale Price $3.58,
SWMSZW,1.67,28/12/17,1:1,1.90,1.915,,,,,
SWMSZX,2.56,04/02/19,1:1,1.005,1.02,1.03,+3,90,,
SWMSZU,3.07,04/02/19,1:1,.495,.51,.465,,,,
,
SPDR MSCI Aus Sel HDY Last Sale Price $22.91,
SYISZX,12.48,04/02/19,1:1,10.38,10.45,12.94,,,,
SYISOX,12.66,19/11/20,1:1,10.21,,,,,,
,
Tabcorp Hldgs Last Sale Price $3.22,
TAHJZ2,2.12,22/12/11,1:1,1.075,1.10,.98,,,,
TAHSZX,1.27,04/02/19,1:1,1.93,1.955,1.93,-3,11,,
TAHSZW,1.82,04/02/19,1:1,1.38,1.405,1.275,,,,
,
Transurban Grp Last Sale Price $5.11,
TCLSZX,1.90,04/02/19,1:1,3.21,3.21,2.14,,,,
TCLSZW,2.92,04/02/19,1:1,2.20,2.20,2.34,,,,
,
Telstra Corp Last Sale Price $2.99,
TLSJZ2,1.97,22/12/11,1:1,1.03,1.025,1.075,,,,
TLSSZW,1.40,04/02/19,1:1,1.595,1.59,1.58,,,,
TLSSZX,1.68,04/02/19,1:1,1.32,1.315,1.33,-7,70,,
,
Toll Hldgs Last Sale Price $4.53,
TOLSZX,2.70,04/02/19,1:1,1.825,1.83,2.03,,,,
TOLSZU,3.30,04/02/19,1:1,1.225,1.23,1.375,,,,
TOLSZV,3.98,04/02/19,1:1,.545,.55,.66,,,,
,
Tatts Grp Last Sale Price $2.32,
TTSSZX,1.28,04/02/19,1:1,1.025,1.04,1.015,,,,
,
UGL Last Sale Price $13.42,
UGLSZX,4.46,04/02/19,1:1,8.92,8.97,9.02,,,,
UGLSZV,6.97,04/02/19,1:1,6.40,6.45,,,,,
UGLSZW,8.41,04/02/19,1:1,4.98,5.02,6.61,,,,
,
Westpac Banking Last Sale Price $20.42,
WBCSZX,6.22,04/02/19,1:1,14.22,14.20,14.21,-129,5,,
WBCSZW,8.99,04/02/19,1:1,11.45,11.43,11.60,-3,17,,
WBCSZU,11.25,04/02/19,1:1,9.19,9.17,10.82,,,,
WBCSZV,13.56,04/02/19,1:1,6.89,6.87,6.94,-15,34,,
,
Westfield Grp Last Sale Price $7.96,
WDCJZ2,5.91,22/12/11,1:1,2.02,2.06,2.76,,,,
WDCSZX,1.88,04/02/19,1:1,6.04,6.08,6.74,,,,
WDCSZV,3.87,04/02/19,1:1,4.05,4.09,4.40,,,,
WDCSZW,4.84,04/02/19,1:1,3.09,3.13,3.13,-17,8,,
,
Wesn Option/Basket Last Sale Price $29.71,
WE3SZY,15.34,04/02/19,1:1,14.38,14.37,19.21,,,,
,
Wesfarmers Last Sale Price $29.32,
WESSZX,8.28,04/02/19,1:1,21.08,21.05,25.34,,,,
WESSZW,13.24,04/02/19,1:1,16.11,16.08,17.56,,,,
WESSZV,18.38,04/02/19,1:1,10.98,10.95,10.80,-19,4,,
,
WorleyParsons Last Sale Price $27.51,
WORSZX,7.34,04/02/19,1:1,20.19,20.17,22.87,,,,
WORSZW,11.90,04/02/19,1:1,15.63,15.61,16.79,,,,
WORSZV,14.48,04/02/19,1:1,13.06,13.04,14.49,,,,
,
Woolworths Last Sale Price $26.94,
WOWSZX,13.57,04/02/19,1:1,13.33,13.38,13.73,,,,
,
Woodside Petroleum Last Sale Price $38.35,
WPLSZX,17.45,04/02/19,1:1,20.91,20.90,22.56,,,,
WPLSZV,24.63,04/02/19,1:1,13.73,13.72,13.70,-123,10,,
WPLSZW,29.67,04/02/19,1:1,8.68,8.68,8.68,-53,1,,
,
Index Call Warrants,
S&P/ASX 200 Last Value 4424.6,
XJOWOF,4450.00,14/09/11,.005:1,.68,.685,.70,-9.5,600,,
XJOVMC,4500.00,14/09/11,.005:1,.435,.445,.45,-8,230,,
XJOWOG,4550.00,14/09/11,.005:1,.445,.45,.855,,,,
XJOVMD,4600.00,14/09/11,.005:1,.265,.27,.27,-7.5,1100,,
XJOVRA,4600.00,14/09/11,.005:1,.40,.40,,,,,
XJOWOH,4650.00,14/09/11,.005:1,.27,.275,.35,,,,
XJOVME,4700.00,14/09/11,.005:1,.19,.195,.355,,,,
XJOVRB,4700.00,14/09/11,.005:1,.27,.275,,,,,
XJOWOI,4750.00,14/09/11,.005:1,.155,.16,,,,,
XJOVMF,4800.00,14/09/11,.005:1,.092,.097,.10,-3,250,,
XJOVRC,4800.00,14/09/11,.005:1,.18,.185,,,,,
XJOVMG,4900.00,14/09/11,.005:1,.037,.042,.12,,,,
XJOTMA,4908.00,14/09/11,.005:1,.028,,1.005,,,,
XJOWOJ,4950.00,14/09/11,.005:1,.048,.053,.063,,,,
XJOWMM,5000.00,14/09/11,.005:1,.016,,.032,,,,
XJOWMN,5100.00,14/09/11,.005:1,.008,,.056,,,,
XJOTM1,4605.00,19/09/12,.005:1,1.25,,1.655,,,,
XJOTM2,4710.00,19/09/12,.005:1,1.08,,1.425,,,,
XJOTM4,4710.00,17/09/14,.005:1,2.18,,4.24,,,,
XJOTMC,4908.00,18/03/15,.005:1,2.11,,,,,,
,
Index Put Warrants,
S&P/ASX 200 Last Value 4424.6,
XJOWOY,4150.00,14/09/11,.005:1,.38,.44,.435,+5.5,100,,
XJOVRR,4300.00,14/09/11,.005:1,.635,.64,,,,,
XJOWOX,4350.00,14/09/11,.005:1,.75,.755,.48,,,,
XJOVRQ,4400.00,14/09/11,.005:1,.87,.88,,,,,
XJOWMW,4400.00,14/09/11,.005:1,.77,.78,.775,+9.5,649,,
XJOWOW,4450.00,14/09/11,.005:1,.965,.97,1.005,,,,
XJOVRP,4500.00,14/09/11,.005:1,1.15,1.16,,,,,
XJOWMV,4500.00,14/09/11,.005:1,1.03,1.04,1.02,+11,360,,
XJOWOV,4550.00,14/09/11,.005:1,1.225,1.23,,,,,
XJOWMU,4600.00,14/09/11,.005:1,1.315,1.325,1.285,+13.5,60,,
XJOWOU,4650.00,14/09/11,.005:1,1.55,1.555,1.38,,,,
XJOWMT,4700.00,14/09/11,.005:1,1.72,1.73,1.56,+22,70,,
XJOWMS,4800.00,14/09/11,.005:1,2.09,2.11,,,,,
XJOWMR,4900.00,14/09/11,.005:1,2.56,2.58,2.07,,,,
XJOUMQ,5000.00,14/09/11,.005:1,3.03,3.05,2.80,,,,
XJOUMP,5100.00,14/09/11,.005:1,3.51,3.54,,,,,
,
Index Barrier Call Warrants,
Djia Mini E-Cbot,
DJXKZB,10046.77,31/12/29,.01:1,19.08,19.15,,,,,
DJXKZA,10999.75,31/12/29,.01:1,10.38,10.45,14.41,,,,
DJXKOB,11002.86,31/12/29,.01:1,10.18,10.24,,,,,
DJXKOA,11603.02,31/12/29,.01:1,5.26,,5.96,,,,
,
H-Shares Idx Futures,
HCXKZB,9909.62,31/12/29,.01:1,2.91,2.96,2.89,,,,
HCXKZA,10850.37,31/12/29,.01:1,1.81,1.86,2.11,,,,
,
Hangseng Idx Futures,
HSXKZA,18115.47,31/12/29,.01:1,5.05,5.12,4.97,,,,
,
Nasdaq 100 E-Mini,
NDXKZA,1869.26,31/12/29,.01:1,4.49,4.54,4.96,,,,
NDXKZB,1987.55,31/12/29,.01:1,3.41,3.46,,,,,
NDXKOA,2000.52,31/12/29,.01:1,3.24,3.27,,,,,
NDXKOB,2200.57,31/12/29,.01:1,1.415,1.445,,,,,
,
Nikkei 225 (Ose),
NKXKZA,7159.26,31/12/29,.10:1,3.15,3.20,3.03,,,,
NKXKZB,7514.72,31/12/29,.10:1,2.73,2.78,2.88,,,,
NKXKOB,9002.34,31/12/29,.10:1,.96,.99,,,,,
NKXKOA,9252.41,31/12/29,.10:1,.665,.695,,,,,
,
S&amp;P500 Emini Futures,
SPFKZA,992.11,31/12/29,.01:1,2.72,2.74,2.81,,,,
SPFKOB,1120.29,31/12/29,.01:1,1.52,1.54,1.65,,,,
SPFKZB,1125.78,31/12/29,.01:1,1.50,1.515,1.495,-10,300,,
SPFKOA,1220.32,31/12/29,.01:1,.605,.625,.98,,,,
,
S&P/ASX 200 Last Value 4424.6,
XJOXOK,4200.00,15/09/11,.005:1,1.035,1.045,1.055,-74.5,10,,
XJOXOJ,4300.00,15/09/11,.005:1,.54,.55,.535,-23,276,,
XJOXOI,4350.00,15/09/11,.005:1,.33,.33,.34,-20,700,,
XJOXOH,4400.00,15/09/11,.005:1,.073,.083,.215,-4.5,100,,
XJOKZH,2908.15,31/12/29,.01:1,14.82,14.84,15.32,,,,
XJOKMF,3335.45,31/12/29,.01:1,10.55,10.57,,,,,
XJOKME,3446.59,31/12/29,.01:1,9.44,9.46,,,,,
XJOKZJ,3640.26,31/12/29,.01:1,7.50,7.52,7.56,-40,26,,
XJOKOB,3642.69,31/12/29,.01:1,7.50,7.52,7.88,-115,20,,
XJOKMD,3668.83,31/12/29,.01:1,7.21,7.23,,,,,
XJOKMC,3780.92,31/12/29,.01:1,6.09,6.11,7.51,,,,
XJOKOA,3845.73,31/12/29,.01:1,5.46,5.48,5.52,-42,25,,
XJOKZO,3865.11,31/12/29,.01:1,5.25,5.27,5.26,-67,3,,
XJOKMB,3892.07,31/12/29,.01:1,4.98,5.00,,,,,
XJOKZG,3954.63,31/12/29,.01:1,4.36,4.38,4.40,-44,126,,
XJOKZN,4015.70,31/12/29,.01:1,3.75,3.77,3.80,-45,634,,
XJOKOD,4065.84,31/12/29,.01:1,3.26,3.28,3.29,-146,75,,
XJOKMA,4067.95,31/12/29,.01:1,3.22,3.24,3.28,,100,,
XJOKZL,4214.37,31/12/29,.01:1,1.955,2.40,2.04,-20,575,,
,
Materials Last Value 13193.0,
XMJKRA,65332.41,31/12/29,.0001:1,,,,,,,
,
Consumer Staples Last Value 7525.5,
XSJKRA,41167.56,31/12/29,.0001:1,,,,,,,
,
Financial-x-A-REIT Last Value 4677.9,
XXJKRA,29312.54,31/12/29,.0001:1,,,,,,,
,
Index Barrier Put Warrants,
Djia Mini E-Cbot,
DJXKZS,13532.81,31/12/29,.01:1,12.72,12.79,9.53,,,,
DJXKOP,13596.46,31/12/29,.01:1,13.40,13.46,,,,,
DJXKOQ,13996.36,31/12/29,.01:1,17.05,17.11,,,,,
DJXKZR,14013.87,31/12/29,.01:1,17.11,17.18,17.27,+191,10,,
,
H-Shares Idx Futures,
HCXKZP,14249.89,31/12/29,.01:1,2.14,2.19,2.12,,,,
HCXKZQ,14811.95,31/12/29,.01:1,2.80,2.85,,,,,
,
Hangseng Idx Futures,
HSXKZP,25635.68,31/12/29,.01:1,3.72,3.79,3.51,,,,
,
Nasdaq 100 E-Mini,
NDXKZQ,2564.18,31/12/29,.01:1,1.84,1.875,2.11,,,,
NDXKOP,2599.32,31/12/29,.01:1,2.17,2.20,,,,,
NDXKZS,2658.15,31/12/29,.01:1,2.69,2.74,2.95,,,,
NDXKOQ,2799.27,31/12/29,.01:1,4.00,4.03,,,,,
,
Nikkei 225 (Ose),
NKXKOP,10997.14,31/12/29,.10:1,1.34,1.37,,,,,
NKXKZP,11478.65,31/12/29,.10:1,1.92,1.96,1.895,,,,
NKXKZQ,11989.02,31/12/29,.10:1,2.52,2.57,,,,,
NKXKOQ,13496.48,31/12/29,.10:1,4.28,4.31,,,,,
,
S&amp;P500 Emini Futures,
SPFKOP,1449.62,31/12/29,.01:1,1.45,1.47,,,,,
SPFKZV,1476.64,31/12/29,.01:1,1.695,1.715,1.375,,,,
SPFKOQ,1549.60,31/12/29,.01:1,2.37,2.39,,,,,
SPFKZS,1643.63,31/12/29,.01:1,3.22,3.24,3.16,+4,40,,
SPFKZW,1871.91,31/12/29,.01:1,5.30,5.32,,,,,
,
S&P/ASX 200 Last Value 4424.6,
XJOXOP,4650.00,15/09/11,.005:1,1.375,1.385,1.395,+24.5,610,,
XJOXOQ,4700.00,15/09/11,.005:1,1.635,1.645,1.64,+80,20,,
XJOXOR,4750.00,15/09/11,.005:1,1.88,1.89,1.68,,,,
XJOXOT,4800.00,15/09/11,.005:1,2.10,2.11,1.91,+1.5,25,,
XJOXOU,4900.00,15/09/11,.005:1,2.59,2.61,2.01,,,,
XJOKOQ,4930.71,31/12/29,.01:1,5.35,5.37,5.35,+40,240,,
XJOKMP,4953.31,31/12/29,.01:1,5.61,5.63,5.16,,,,
XJOKMQ,4992.80,31/12/29,.01:1,6.00,6.02,,,,,
XJOKOP,5021.67,31/12/29,.01:1,6.26,6.28,6.24,+55,23,,
XJOKZS,5026.81,31/12/29,.01:1,6.34,6.36,6.34,+45,214,,
XJOKOR,5080.13,31/12/29,.01:1,6.85,6.87,6.44,,,,
XJOKMR,5103.71,31/12/29,.01:1,7.11,7.13,,,,,
XJOKMS,5215.56,31/12/29,.01:1,8.23,8.25,,,,,
XJOKZT,5236.06,31/12/29,.01:1,8.44,8.46,8.45,+50,54,,
XJOKOS,5279.35,31/12/29,.01:1,8.84,8.86,8.83,+114,40,,
XJOKZZ,5332.32,31/12/29,.01:1,9.40,9.42,9.40,+39,9,,
XJOKMT,5437.33,31/12/29,.01:1,10.45,10.47,,,,,
XJOKMU,5548.23,31/12/29,.01:1,11.55,11.57,,,,,
XJOKZQ,5632.21,31/12/29,.01:1,12.40,12.42,11.43,,,,
XJOKZR,6054.81,31/12/29,.01:1,16.62,16.64,14.36,,,,
,
Consumer Staples Last Value 7525.5,
XSJKRP,68612.60,31/12/29,.0001:1,,,,,,,
,
Financial-x-A-REIT Last Value 4677.9,
XXJKRP,48854.23,31/12/29,.0001:1,,,,,,,
,
International Equity Call Warrants,
BHP Billiton Plc,
ZBHWSC,0.01,02/03/12,1:1,33.72,34.00,33.94,-220,2,,
ZBHWOC,0.01,23/07/12,1:1,,,33.85,-56,1,,
ZBHWMA,0.01,31/10/14,1:1,33.67,34.10,33.79,-59,1,,
ZBHWMB,0.01,10/12/14,1:1,33.67,34.10,33.79,-58,1,,
,
RIO Tinto Plc,
ZRIWSC,0.01,02/03/12,1:1,64.26,64.75,64.48,-170,1,,
ZRIWOC,0.01,23/07/12,1:1,64.27,,64.27,-90,1,,
ZRIWMA,0.01,31/10/14,1:1,63.50,64.55,63.96,-132,1,,
,
International Equity Put Warrants,
International Equity Endowment Warrants,
International Equity Installment Warrants,
Currency Call Warrants,
Currency Warrant AUD/USD,
AXUWMC,10.50,14/09/11,1:1,.635,.65,,,,,
AXUWMM,11.00,14/09/11,1:1,.40,.41,,,,,
,
Currency Put Warrants,
Currency Warrant AUD/USD,
AXUWMR,9.50,14/09/11,1:1,.051,.061,.145,,,,
AXUWMZ,10.00,14/09/11,1:1,.135,.145,.445,,,,
,
Commodity Call Warrants,
Comex Silver Futures,
ZSIWZB,37.00,25/06/13,.10:1,.955,1.02,.915,,,,
ZSIWZA,38.00,25/06/13,.10:1,.915,.975,,,,,
,
Commodity Put Warrants,
International Index Call Warrants,
International Index Put Warrants,
