Warrants Market,,,,,,,,,,,,,,,,,,,,
,,,,,,,,,,,,,,,,,,,,
"XAO 4318.9 at 2012-02-14T16:39:42. Report at Tuesday, February 14, 2012. Processed Wednesday at 2012-02-15T01:00:07+11:00.",,,,,,,,,,,,,,,,,,,,
,,,,,,,,,,,,,,,,,,,,
,,,,,,,,,,,,,,,,,,,,
,,,,,,,,,,,,,,,,,,,,
Equity Call Warrants,
ANZ Banking Grp Last Sale Price $21.69,
ANZVOA,18.00,23/02/12,4:1,.945,.95,.945,,,,
ANZVRI,18.00,23/02/12,4:1,.925,.93,,,,,
ANZVOB,20.00,23/02/12,4:1,.455,.46,,,,,
ANZVRJ,21.00,23/02/12,4:1,.19,.20,,,,,
ANZVOC,22.00,23/02/12,4:1,.083,.088,.115,,,,
ANZVRK,23.00,23/02/12,4:1,.002,,,,,,
ANZVOG,24.00,23/02/12,4:1,.018,.023,,,,,
ANZVRL,25.00,23/02/12,4:1,,.04,,,,,
ANZWOA,19.00,29/03/12,4:1,.77,.775,,,,,
ANZWOB,21.00,29/03/12,4:1,.375,.38,,,,,
ANZWRA,21.50,29/03/12,4:1,.195,.20,,,,,
ANZWRB,22.50,29/03/12,4:1,.074,.076,,,,,
ANZVMA,23.00,29/03/12,4:1,.046,.069,,,,,
ANZWOC,23.00,29/03/12,4:1,.12,.125,,,,,
ANZWOK,25.00,29/03/12,4:1,.031,.036,,,,,
ANZVMB,26.00,29/03/12,4:1,.001,,,,,,
,
BHP Billiton Last Sale Price $36.17,
BHPVOJ,35.00,23/02/12,4:1,.435,.44,,,,,
BHPVRI,36.00,23/02/12,4:1,.155,.17,.25,,,,
BHPVOK,37.00,23/02/12,4:1,.155,.16,.215,,,,
BHPVRJ,38.00,23/02/12,4:1,.017,.04,,,,,
BHPVOL,39.00,23/02/12,4:1,.033,.038,.06,,,,
BHPVRL,39.00,23/02/12,4:1,.003,,,,,,
BHPVRK,40.00,23/02/12,4:1,,.044,.04,,,,
BHPVOM,41.00,23/02/12,4:1,.017,.022,.105,,,,
BHPVOE,43.00,23/02/12,4:1,.016,.021,.045,,,,
BHPVON,45.00,23/02/12,4:1,.015,.02,.068,,,,
BHPWOI,34.00,29/03/12,4:1,.74,.745,,,,,
BHPWOJ,36.00,29/03/12,4:1,.435,.44,,,,,
BHPWRA,36.00,29/03/12,4:1,.29,.305,.32,,,,
BHPWRB,37.50,29/03/12,4:1,.11,.125,.175,,,,
BHPWOC,38.00,29/03/12,4:1,.23,.235,.255,,1000,,
BHPWOD,40.00,29/03/12,4:1,.12,.125,.13,-17.5,200,,
BHPWOE,42.00,29/03/12,4:1,.062,.067,,,,,
BHPWOF,44.00,29/03/12,4:1,.037,.042,,,,,
BHPVMA,38.00,26/04/12,4:1,.23,.255,.265,-4,100,,
BHPVMB,42.00,26/04/12,4:1,.019,.042,,,,,
,
C'wlth Bank of Aust Last Sale Price $49.96,
CBAVOA,47.00,23/02/12,5:1,.42,.425,.75,,,,
CBAVOB,49.00,23/02/12,5:1,.17,.175,.43,,,,
CBAVRJ,49.00,23/02/12,4:1,.079,.091,.155,,,,
CBAVOC,51.00,23/02/12,5:1,.052,.057,.10,,,,
CBAVRI,52.00,23/02/12,4:1,,,.045,,,,
CBAVOG,53.00,23/02/12,5:1,.02,.025,,,,,
CBAVRK,53.00,23/02/12,4:1,,,,,,,
CBAVRL,54.00,23/02/12,4:1,,.04,,,,,
CBAWOK,48.00,29/03/12,5:1,.52,.525,,,,,
CBAWOL,50.00,29/03/12,5:1,.31,.315,,,,,
CBAWRA,50.50,29/03/12,4:1,.087,.115,.205,,,,
CBAVMA,52.00,29/03/12,4:1,.073,.098,.079,-2.6,69,,
CBAWOM,52.00,29/03/12,5:1,.17,.175,,,,,
CBAWRB,52.00,29/03/12,4:1,.035,.042,.045,-3.9,450,,
CBAWON,54.00,29/03/12,5:1,.083,.088,,,,,
CBAVMB,55.00,29/03/12,4:1,.001,,,,,,
,
Fortescue Metals Grp Last Sale Price $5.61,
FMGVRK,4.50,23/02/12,2:1,.555,.56,.31,,,,
FMGVOA,5.00,23/02/12,3:1,.23,.235,.125,,,,
FMGVRL,5.00,23/02/12,2:1,.31,.315,.20,,,,
FMGVRN,5.25,23/02/12,2:1,.195,.20,.14,,,,
FMGVOB,5.50,23/02/12,3:1,.095,.10,.105,,,,
FMGVRM,5.50,23/02/12,2:1,.091,.095,.045,,,,
FMGVOE,6.00,23/02/12,3:1,.031,.036,,,,,
FMGWOA,4.75,29/03/12,3:1,.34,.345,,,,,
FMGWRA,4.75,29/03/12,2:1,.45,.455,,,,,
FMGWRB,4.90,29/03/12,2:1,.385,.39,,,,,
FMGWOB,5.25,29/03/12,3:1,.215,.22,.145,,,,
FMGWOE,5.75,29/03/12,3:1,.125,.13,,,,,
,
Macquarie Grp Last Sale Price $26.78,
MQGVOA,22.00,23/02/12,4:1,1.225,1.23,,,,,
MQGVRJ,24.00,23/02/12,4:1,.71,.715,,,,,
MQGVOB,25.00,23/02/12,4:1,.505,.51,.535,,,,
MQGVRI,25.00,23/02/12,4:1,.48,.485,.225,,,,
MQGVRL,26.00,23/02/12,4:1,.265,.27,,,,,
MQGVRK,27.00,23/02/12,4:1,.099,.10,,,,,
MQGVOC,28.00,23/02/12,4:1,.087,.092,,,,,
MQGWOF,21.00,29/03/12,4:1,1.55,1.555,,,,,
MQGWOG,24.00,29/03/12,4:1,.91,.915,,,,,
MQGWRA,25.00,29/03/12,4:1,.595,.60,,,,,
MQGWRB,26.00,29/03/12,4:1,.405,.41,,,,,
MQGWOH,27.00,29/03/12,4:1,.44,.445,.34,,,,
,
National Aust Bank Last Sale Price $23.02,
NABVOA,23.00,23/02/12,4:1,.16,.165,.21,,,,
NABVRJ,24.00,23/02/12,4:1,.011,,.16,,,,
NABVOB,25.00,23/02/12,4:1,.023,.028,.125,,,,
NABVRI,25.00,23/02/12,4:1,.001,,,,,,
NABVOC,27.00,23/02/12,4:1,.016,.021,.072,,,,
NABVRK,27.00,23/02/12,4:1,,,,,,,
NABVOK,29.00,23/02/12,4:1,.001,.041,.043,,,,
NABVRL,29.00,23/02/12,4:1,.001,.04,,,,,
NABWOD,23.00,29/03/12,4:1,.33,.335,.36,,,,
NABWRA,24.50,29/03/12,4:1,.036,.043,.175,,,,
NABWOE,25.00,29/03/12,4:1,.12,.125,.125,-1.5,224,,
NABWRB,25.50,29/03/12,4:1,.017,.04,,,,,
NABVMA,26.00,29/03/12,4:1,.001,,.053,,,,
NABWOF,27.00,29/03/12,4:1,.035,.04,,,,,
NABVMB,29.00,29/03/12,4:1,.001,,,,,,
NABWOG,29.00,29/03/12,4:1,.018,.023,,,,,
NABWSA,0.00,25/03/20,1:1,.01,,26.20,,,,
,
Newcrest Min Last Sale Price $34.40,
NCMVRN,32.00,23/02/12,4:1,.615,.625,.415,,,,
NCMVRM,34.00,23/02/12,4:1,.195,.205,.22,-9.5,532,,
NCMVOG,35.00,23/02/12,4:1,.155,.16,.15,,,,
NCMVRK,36.00,23/02/12,4:1,.011,,.08,,,,
NCMVRL,39.00,23/02/12,4:1,,,,,,,
NCMVOH,40.00,23/02/12,4:1,.017,.022,.025,,,,
NCMVOI,45.00,23/02/12,4:1,.015,.02,,,,,
NCMWOA,30.00,29/03/12,4:1,1.28,1.285,1.31,+4.5,35,,
NCMWRA,32.00,29/03/12,4:1,.695,.715,.76,,,,
NCMWRB,33.00,29/03/12,4:1,.50,.52,.53,+2.5,94,,
NCMWOB,36.00,29/03/12,4:1,.355,.36,.405,+2.5,12,,
NCMWOE,42.00,29/03/12,4:1,.05,.055,.084,,,,
,
QBE Insurance Grp Last Sale Price $11.80,
QBEVOA,11.00,23/02/12,4:1,.245,.25,.185,,,,
QBEVOB,12.00,23/02/12,4:1,.079,.084,.12,,,,
QBEVOC,13.00,23/02/12,4:1,.021,.026,,,,,
QBEWOC,10.00,29/03/12,4:1,.475,.48,,,,,
QBEWOD,12.00,29/03/12,4:1,.155,.16,,,,,
QBEWOE,14.00,29/03/12,4:1,.031,.036,,,,,
,
Rio Tinto Last Sale Price $69.28,
RIOVRL,66.00,23/02/12,6:1,.61,.615,.26,,,,
RIOVOH,67.00,23/02/12,6:1,.60,.605,.95,,,,
RIOVRK,68.00,23/02/12,6:1,.35,.355,.345,-22,1630,,
RIOVOI,70.00,23/02/12,6:1,.295,.30,.31,-12,1000,,
RIOVRM,70.00,23/02/12,6:1,.16,.17,.39,,,,
RIOVRN,72.00,23/02/12,6:1,.03,.04,.12,,,,
RIOVOJ,73.00,23/02/12,6:1,.115,.12,.365,,,,
RIOVOK,76.00,23/02/12,6:1,.028,.033,.135,,,,
RIOWOA,60.00,29/03/12,6:1,1.645,1.65,,,,,
RIOWRA,63.00,29/03/12,6:1,1.14,1.145,,,,,
RIOWOB,65.00,29/03/12,6:1,1.01,1.015,,,,,
RIOWRB,65.00,29/03/12,6:1,.815,.84,1.235,,,,
RIOWOF,70.00,29/03/12,6:1,.525,.53,,,,,
RIOWOG,75.00,29/03/12,6:1,.22,.235,.255,,,,
RIOVMA,65.00,26/04/12,4:1,1.61,1.635,2.01,,,,
RIOVMB,70.00,26/04/12,4:1,.835,.86,,,,,
,
Telstra Corp Last Sale Price $3.41,
TLSVOA,3.00,23/02/12,2:1,.20,.205,,,,,
TLSVOB,3.50,23/02/12,2:1,.014,.019,,,,,
TLSVRG,3.50,23/02/12,2:1,,.04,,,,,
TLSVRH,3.50,23/02/12,2:1,,.04,,,,,
TLSVOH,4.00,23/02/12,2:1,.01,.015,,,,,
TLSVRI,4.00,23/02/12,2:1,,,,,,,
TLSWOC,3.25,29/03/12,2:1,.074,.079,,,,,
TLSWRA,3.25,29/03/12,2:1,.054,.055,,,,,
TLSWRB,3.50,29/03/12,2:1,.008,,,,,,
TLSWOD,3.75,29/03/12,2:1,.014,.019,,,,,
TLSWOE,4.25,29/03/12,2:1,.008,.013,.016,,,,
,
Westpac Banking Last Sale Price $20.90,
WBCVOA,20.00,23/02/12,4:1,.285,.29,.28,,,,
WBCVRJ,21.00,23/02/12,4:1,.057,.061,.12,,,,
WBCVOB,22.00,23/02/12,4:1,.036,.041,.15,,,,
WBCVRI,22.00,23/02/12,4:1,.002,.04,,,,,
WBCVRK,23.00,23/02/12,4:1,.001,.04,,,,,
WBCVOC,24.00,23/02/12,4:1,.016,.021,,,,,
WBCVRL,25.00,23/02/12,4:1,,.04,,,,,
WBCVOK,26.00,23/02/12,4:1,.015,.02,,,,,
WBCWOD,19.00,29/03/12,4:1,.62,.625,,,,,
WBCWOE,21.00,29/03/12,4:1,.275,.28,,,,,
WBCWRA,21.00,29/03/12,4:1,.165,.17,.17,,250,,
WBCVMA,22.00,29/03/12,4:1,.058,.081,.092,,,,
WBCWRB,22.00,29/03/12,4:1,.058,.061,,,,,
WBCWOF,23.00,29/03/12,4:1,.082,.087,,,,,
WBCVMB,25.00,29/03/12,4:1,.001,,,,,,
WBCWOG,25.00,29/03/12,4:1,.024,.029,,,,,
,
Wesfarmers Last Sale Price $29.55,
WESVOF,30.00,23/02/12,4:1,.195,.20,.26,,,,
WESVRG,32.00,23/02/12,4:1,,.04,,,,,
WESVRH,32.00,23/02/12,4:1,,.04,,,,,
WESVOG,33.00,23/02/12,4:1,.105,.11,.105,,,,
WESVRJ,34.00,23/02/12,4:1,.001,.04,,,,,
WESVRI,35.00,23/02/12,4:1,.001,.04,,,,,
WESVOH,36.00,23/02/12,4:1,,,,,,,
WESWOA,29.00,29/03/12,4:1,.395,.40,.43,,,,
WESWOC,32.00,29/03/12,4:1,.12,.125,,,,,
WESWRA,32.00,29/03/12,4:1,.006,,.04,,,,
WESWRB,33.00,29/03/12,4:1,,,.066,,,,
WESWOE,35.00,29/03/12,4:1,.03,.035,,,,,
,
Woolworths Last Sale Price $24.99,
WOWVOF,24.00,23/02/12,4:1,.30,.305,,,,,
WOWVOG,26.00,23/02/12,4:1,.036,.041,.32,,,,
WOWVOH,28.00,23/02/12,4:1,.016,.021,,,,,
WOWWOC,25.00,29/03/12,4:1,.23,.235,,,,,
WOWWOD,27.00,29/03/12,4:1,.056,.061,,,,,
WOWWOE,29.00,29/03/12,4:1,.018,.023,,,,,
,
Woodside Petroleum Last Sale Price $35.17,
WPLVRK,30.00,23/02/12,4:1,1.27,1.305,.60,,,,
WPLVRL,34.00,23/02/12,4:1,.335,.36,.26,,,,
WPLVOA,35.00,23/02/12,5:1,.21,.215,.28,,,,
WPLVRM,37.00,23/02/12,4:1,.018,,,,,,
WPLVOB,38.00,23/02/12,5:1,.036,.041,.22,,,,
WPLVRN,40.00,23/02/12,4:1,.001,.04,,,,,
WPLVOC,41.00,23/02/12,5:1,.016,.021,.016,,,,
WPLWOA,30.00,29/03/12,5:1,1.05,1.055,,,,,
WPLWRA,32.50,29/03/12,4:1,.68,.75,.65,+7,28,,
WPLWOB,33.00,29/03/12,5:1,.59,.595,.51,,,,
WPLWRB,33.50,29/03/12,4:1,.49,.52,,,,,
WPLWOF,36.00,29/03/12,5:1,.26,.265,,,,,
,
Equity Put Warrants,
ANZ Banking Grp Last Sale Price $21.69,
ANZVOS,15.00,23/02/12,4:1,.015,.02,,,,,
ANZVRP,16.00,23/02/12,4:1,,,,,,,
ANZVOR,17.00,23/02/12,4:1,.016,.021,,,,,
ANZVRQ,18.00,23/02/12,4:1,,.04,.04,,,,
ANZVOQ,19.00,23/02/12,4:1,.017,.022,.18,,,,
ANZVOP,21.00,23/02/12,4:1,.05,.055,.31,,,,
ANZVRX,21.00,23/02/12,4:1,.01,.04,.012,-2.8,400,,
ANZVRY,23.00,23/02/12,4:1,.315,.325,.335,-28,63,,
ANZWOV,16.00,29/03/12,4:1,.024,.029,,,,,
ANZVMQ,17.00,29/03/12,4:1,.001,,,,,,
ANZWOU,18.00,29/03/12,4:1,.043,.048,,,,,
ANZWRQ,19.00,29/03/12,4:1,.024,.04,,,,,
ANZVMP,20.00,29/03/12,4:1,.042,.065,,,,,
ANZWOT,20.00,29/03/12,4:1,.105,.11,.125,,,,
ANZWRP,20.00,29/03/12,4:1,.043,.044,,,,,
ANZWOS,22.00,29/03/12,4:1,.27,.275,.27,,,,
,
BHP Billiton Last Sale Price $36.17,
BHPVRP,29.00,23/02/12,4:1,,.04,,,,,
BHPUOQ,30.00,23/02/12,4:1,.017,.022,.23,,,,
BHPUOP,32.00,23/02/12,4:1,.027,.032,,,,,
BHPWRP,32.00,23/02/12,4:1,.003,.04,,,,,
BHPVRQ,33.00,23/02/12,4:1,.004,.04,.34,,,,
BHPWOY,34.00,23/02/12,4:1,.081,.086,.17,,,,
BHPVRZ,36.00,23/02/12,4:1,.10,.115,.045,,,,
BHPWOX,36.00,23/02/12,4:1,.24,.245,.255,,,,
BHPWOW,38.00,23/02/12,4:1,.525,.53,.52,,,,
BHPVOT,40.00,23/02/12,4:1,.97,.975,,,,,
BHPVOR,27.00,29/03/12,4:1,.048,.053,,,,,
BHPVOQ,29.00,29/03/12,4:1,.073,.078,,,,,
BHPVOP,31.00,29/03/12,4:1,.12,.125,.094,,,,
BHPWOZ,33.00,29/03/12,4:1,.21,.215,.14,,,,
BHPWRR,33.50,29/03/12,4:1,.155,.16,,,,,
BHPWRQ,34.00,29/03/12,4:1,.185,.19,,,,,
BHPWOU,35.00,29/03/12,4:1,.365,.37,.365,,,,
BHPWOT,37.00,29/03/12,4:1,.605,.61,.605,+19.5,50,,
BHPVMQ,30.00,26/04/12,4:1,.11,.145,,,,,
BHPVMP,34.00,26/04/12,4:1,.305,.33,.225,,,,
,
C'wlth Bank of Aust Last Sale Price $49.96,
CBAVRQ,44.00,23/02/12,4:1,.009,,,,,,
CBAVOS,46.00,23/02/12,5:1,.074,.079,.48,,,,
CBAVRY,46.00,23/02/12,4:1,.031,,.071,,,,
CBAVOR,48.00,23/02/12,5:1,.19,.195,.23,,,,
CBAVRP,48.00,23/02/12,4:1,.11,.115,.24,,,,
CBAVRX,49.00,23/02/12,4:1,.22,.22,.09,,,,
CBAVOQ,50.00,23/02/12,5:1,.395,.40,.35,,,,
CBAVOP,52.00,23/02/12,5:1,.73,.735,.675,,,,
CBAVMQ,45.00,29/03/12,4:1,.135,.16,,,,,
CBAWOZ,45.00,29/03/12,5:1,.195,.20,.275,,,,
CBAWRQ,45.00,29/03/12,4:1,.081,.086,.33,,,,
CBAWOU,47.00,29/03/12,5:1,.305,.31,.31,,,,
CBAWRP,47.00,29/03/12,4:1,.205,.21,,,,,
CBAVMP,48.00,29/03/12,4:1,.325,.35,,,,,
CBAWOT,49.00,29/03/12,5:1,.465,.47,.48,,,,
CBAWOS,51.00,29/03/12,5:1,.685,.69,.70,,,,
,
Fortescue Metals Grp Last Sale Price $5.61,
FMGVOT,4.00,23/02/12,3:1,,,.057,,,,
FMGVRR,4.00,23/02/12,2:1,,.04,.04,,,,
FMGVOQ,4.50,23/02/12,3:1,,,.027,,,,
FMGVRZ,4.50,23/02/12,2:1,.001,,,,,,
FMGVRQ,4.75,23/02/12,2:1,.002,.04,.06,,,,
FMGVOP,5.00,23/02/12,3:1,.021,.026,.125,,,,
FMGVRP,5.00,23/02/12,2:1,.006,,.082,,,,
FMGWOT,3.75,29/03/12,3:1,.023,.028,,,,,
FMGWOQ,4.25,29/03/12,3:1,.033,.038,.049,,,,
FMGWRP,4.25,29/03/12,2:1,.012,.04,,,,,
FMGWRQ,4.50,29/03/12,2:1,.02,.04,,,,,
FMGWOP,4.75,29/03/12,3:1,.055,.06,.083,,,,
,
Macquarie Grp Last Sale Price $26.78,
MQGVOR,19.00,23/02/12,4:1,.016,.021,,,,,
MQGVRP,19.00,23/02/12,4:1,,.04,,,,,
MQGVOQ,22.00,23/02/12,4:1,.017,.022,,,,,
MQGVRQ,22.00,23/02/12,4:1,.001,.04,,,,,
MQGVRZ,22.00,23/02/12,4:1,.001,.04,,,,,
MQGVRX,24.00,23/02/12,4:1,.005,,.08,,,,
MQGVOP,25.00,23/02/12,4:1,.052,.057,.072,,,,
MQGWOU,18.00,29/03/12,4:1,.03,.035,,,,,
MQGWOT,21.00,29/03/12,4:1,.072,.077,.085,,,,
MQGWRQ,22.00,29/03/12,4:1,.027,,.092,,,,
MQGWRP,23.00,29/03/12,4:1,.057,.058,,,,,
MQGWOS,24.00,29/03/12,4:1,.18,.185,.36,,,,
,
National Aust Bank Last Sale Price $23.02,
NABVRX,19.00,23/02/12,4:1,,,,,,,
NABVOS,20.00,23/02/12,4:1,.02,.025,,,,,
NABVOR,22.00,23/02/12,4:1,.066,.071,.081,,,,
NABVRY,22.00,23/02/12,4:1,.012,,.21,,,,
NABVRQ,22.50,23/02/12,4:1,.039,.04,,,,,
NABVOQ,24.00,23/02/12,4:1,.30,.305,.305,,,,
NABVRP,24.00,23/02/12,4:1,.24,.25,.36,,,,
NABVOP,26.00,23/02/12,4:1,.755,.76,.765,,,,
NABVMQ,19.00,29/03/12,4:1,.015,.048,,,,,
NABWOZ,19.00,29/03/12,4:1,.068,.073,,,,,
NABWOU,21.00,29/03/12,4:1,.14,.145,,,,,
NABWRQ,21.00,29/03/12,4:1,.056,.057,,,,,
NABVMP,22.00,29/03/12,4:1,.11,.135,.12,,,,
NABWRP,22.50,29/03/12,4:1,.12,.13,.14,,,,
NABWOT,23.00,29/03/12,4:1,.30,.305,.295,,,,
NABWOS,25.00,29/03/12,4:1,.585,.59,.465,,,,
,
Newcrest Min Last Sale Price $34.40,
NCMVRP,29.00,23/02/12,4:1,.001,.04,.175,,,,
NCMVRR,31.00,23/02/12,4:1,.004,,,,,,
NCMVOR,32.00,23/02/12,4:1,.052,.057,.375,,,,
NCMVRQ,32.00,23/02/12,4:1,.014,,.058,,,,
NCMVOQ,37.00,23/02/12,4:1,.685,.69,.675,+12,310,,
NCMVRZ,39.00,23/02/12,4:1,1.125,1.15,1.535,,,,
NCMVOP,42.00,23/02/12,4:1,1.905,1.91,,,,,
NCMWRQ,28.00,29/03/12,4:1,.022,,,,,,
NCMWOT,29.00,29/03/12,4:1,.105,.11,.175,,,,
NCMWRP,30.00,29/03/12,4:1,.056,.057,,,,,
NCMWOQ,31.00,29/03/12,4:1,.20,.205,,,,,
NCMWOP,33.00,29/03/12,4:1,.355,.36,,,,,
,
QBE Insurance Grp Last Sale Price $11.80,
QBEVOW,10.00,23/02/12,4:1,.017,.022,.18,,,,
QBEVOQ,11.00,23/02/12,4:1,.033,.038,,,,,
QBEVOP,12.00,23/02/12,4:1,.12,.125,,,,,
QBEWOR,9.00,29/03/12,4:1,.032,.037,,,,,
QBEWOS,10.00,29/03/12,4:1,.062,.067,,,,,
QBEWOT,11.00,29/03/12,4:1,.13,.135,,,,,
,
Rio Tinto Last Sale Price $69.28,
RIOVRP,59.00,23/02/12,6:1,.001,.04,,,,,
RIOVOS,63.00,23/02/12,6:1,.048,.053,.105,,,,
RIOVRQ,65.00,23/02/12,6:1,.035,.04,,,,,
RIOVOR,66.00,23/02/12,6:1,.12,.125,.385,,,,
RIOVRR,66.00,23/02/12,6:1,.056,.057,.835,,,,
RIOVOQ,69.00,23/02/12,6:1,.28,.285,.20,,,,
RIOVOP,72.00,23/02/12,6:1,.57,.575,.54,+10,27,,
RIOVRZ,73.00,23/02/12,6:1,.61,.635,.425,,,,
RIOWOV,56.00,29/03/12,6:1,.105,.11,,,,,
RIOWRQ,58.00,29/03/12,6:1,.079,.08,,,,,
RIOWOR,59.00,29/03/12,6:1,.16,.165,,,,,
RIOWRP,60.00,29/03/12,6:1,.067,.083,.069,+1,1000,,
RIOWOQ,62.00,29/03/12,6:1,.245,.25,.225,-.5,100,,
RIOWOP,65.00,29/03/12,6:1,.375,.38,.385,+5.5,160,,
RIOVMQ,55.00,26/04/12,4:1,.185,.22,.285,,,,
RIOVMP,60.00,26/04/12,4:1,.345,.38,.355,+.5,380,,
,
Telstra Corp Last Sale Price $3.41,
TLSVOW,2.75,23/02/12,2:1,.011,.016,,,,,
TLSVOQ,3.00,23/02/12,2:1,.011,.016,,,,,
TLSVRQ,3.00,23/02/12,2:1,,.04,,,,,
TLSVRP,3.10,23/02/12,2:1,.003,.04,,,,,
TLSVOP,3.25,23/02/12,2:1,.029,.034,,,,,
TLSVRV,3.50,23/02/12,2:1,.105,.115,,,,,
TLSWOX,3.00,29/03/12,2:1,.023,.028,,,,,
TLSWRQ,3.00,29/03/12,2:1,.009,.04,,,,,
TLSWRP,3.20,29/03/12,2:1,.026,.04,,,,,
TLSWOW,3.25,29/03/12,2:1,.055,.06,,,,,
TLSWOV,3.50,29/03/12,2:1,.135,.14,,,,,
,
Westpac Banking Last Sale Price $20.90,
WBCVOS,17.00,23/02/12,4:1,.016,.021,,,,,
WBCVRP,17.00,23/02/12,4:1,,.04,,,,,
WBCVOZ,19.00,23/02/12,4:1,.027,.032,,,,,
WBCVRQ,19.00,23/02/12,4:1,.006,.04,,,,,
WBCVRY,19.00,23/02/12,4:1,.006,,,,,,
WBCVOU,21.00,23/02/12,4:1,.14,.145,,,,,
WBCVRX,21.00,23/02/12,4:1,.08,.08,.035,,,,
WBCVOT,23.00,23/02/12,4:1,.54,.545,,,,,
WBCVMQ,15.00,29/03/12,4:1,.001,,,,,,
WBCWOV,16.00,29/03/12,4:1,.041,.046,,,,,
WBCVMP,18.00,29/03/12,4:1,.009,.03,,,,,
WBCWOU,18.00,29/03/12,4:1,.078,.083,.097,,,,
WBCWRQ,18.50,29/03/12,4:1,.038,.04,,,,,
WBCWRP,19.50,29/03/12,4:1,.065,.066,,,,,
WBCWOT,20.00,29/03/12,4:1,.185,.19,.19,-.5,60,,
WBCWOS,22.00,29/03/12,4:1,.405,.41,,,,,
,
Wesfarmers Last Sale Price $29.55,
WESVOW,28.00,23/02/12,4:1,.091,.096,,,,,
WESVRW,28.00,23/02/12,4:1,.042,.047,,,,,
WESVRQ,29.00,23/02/12,4:1,.12,.135,,,,,
WESVRV,29.00,23/02/12,4:1,.12,.135,,,,,
WESVRP,30.00,23/02/12,4:1,.29,.31,,,,,
WESVOV,31.00,23/02/12,4:1,.55,.555,.475,,,,
WESVOU,34.00,23/02/12,4:1,1.28,1.285,,,,,
WESWOT,27.00,29/03/12,4:1,.195,.20,,,,,
WESWRQ,29.00,29/03/12,4:1,.245,.26,,,,,
WESWOS,30.00,29/03/12,4:1,.51,.515,,,,,
WESWRP,30.00,29/03/12,4:1,.38,.395,,,,,
WESWOP,32.00,29/03/12,4:1,.85,.855,,,,,
,
Woolworths Last Sale Price $24.99,
WOWVOR,21.00,23/02/12,4:1,.016,.021,,,,,
WOWVOW,23.00,23/02/12,4:1,.018,.023,,,,,
WOWVOV,25.00,23/02/12,4:1,.115,.12,.24,,,,
WOWWOT,22.00,29/03/12,4:1,.05,.055,,,,,
WOWWOS,24.00,29/03/12,4:1,.17,.175,,,,,
WOWWOR,26.00,29/03/12,4:1,.45,.455,,,,,
,
Woodside Petroleum Last Sale Price $35.17,
WPLVRP,27.00,23/02/12,4:1,,.04,,,,,
WPLVRQ,30.00,23/02/12,4:1,.001,,,,,,
WPLVOX,31.00,23/02/12,5:1,.063,.068,.495,,,,
WPLVRZ,32.00,23/02/12,4:1,.011,.04,1.45,,,,
WPLVOW,34.00,23/02/12,5:1,.17,.175,.175,-2.5,300,,
WPLVRR,34.00,23/02/12,4:1,.048,.051,.044,-12.1,168,,
WPLVOS,37.00,23/02/12,5:1,.52,.525,.485,,,,
WPLWOU,27.00,29/03/12,5:1,.047,.052,,,,,
WPLWRQ,29.00,29/03/12,4:1,.038,.04,,,,,
WPLWOT,30.00,29/03/12,5:1,.105,.11,.105,,,,
WPLWRP,30.00,29/03/12,4:1,.057,.055,,,,,
WPLWOR,33.00,29/03/12,5:1,.245,.25,,,,,
,
Basket Put Warrants,
Equity Endowment Warrants,
ANZ Banking Grp Last Sale Price $21.69,
ANZEEA,3.89,15/02/12,1:1,17.73,,17.66,-19,7,,
,
C'wlth Bank of Aust Last Sale Price $49.96,
CBAEEA,6.32,15/02/12,1:1,43.37,43.50,43.42,-56,9,,
,
National Aust Bank Last Sale Price $23.02,
NABEEA,17.97,15/02/12,1:1,4.73,5.00,4.67,-39,24,,
,
Telecom Corp of NZ Last Sale Price $1.70,
TELEEA,0.97,15/02/12,1:1,.70,,.64,,,,
,
Telstra Corp Last Sale Price $3.41,
TLSEEA,1.93,02/10/12,1:1,1.41,,1.15,,,,
,
Westpac Banking Last Sale Price $20.90,
WBCEEA,1.97,15/02/12,1:1,18.87,,18.84,-31,10,,
,
Equity Installment Warrants,
APN European Ret Last Sale Price $0.00,
AEZSZC,0.87,30/06/17,1:1,.001,,.083,,,,
,
Aust Foundation Last Sale Price $4.20,
AFISMW,3.24,29/06/12,1:1,1.10,,.965,,,,
AFISZB,2.30,30/06/16,1:1,1.775,,2.41,,,,
,
AGL Energy Last Sale Price $14.29,
AGKIRZ,11.50,28/06/12,1:1,3.14,3.20,,,,,
AGKSSR,7.54,29/06/12,1:1,7.05,7.06,7.21,,,,
AGKSMW,10.55,29/06/12,1:1,4.04,,6.58,,,,
AGKIRA,8.00,27/09/12,1:1,6.59,6.65,,,,,
AGKIZR,8.00,03/12/12,1:1,6.66,,,,,,
AGKIZZ,8.00,03/12/12,1:1,6.66,,7.10,,,,
AGKIRQ,8.10,03/12/12,1:1,6.64,6.70,6.53,,,,
AGKSMA,6.99,28/06/13,1:1,7.49,,6.87,,,,
AGKIOO,9.00,16/12/13,1:1,7.29,7.30,7.32,+2,40,,
AGKSOC,7.10,26/06/14,1:1,7.51,7.52,8.76,,,,
AGKSMC,7.94,30/06/15,1:1,7.24,,8.85,,,,
AGKSZB,2.69,30/06/16,1:1,11.61,,11.62,,,,
AGKSWG,7.19,30/06/16,1:1,7.97,7.99,8.71,,,,
AGKSZC,7.55,30/06/17,1:1,6.95,,8.05,,,,
AGKSMY,11.31,30/06/17,1:1,3.29,,3.44,,,,
AGKSZU,7.39,04/02/19,1:1,6.85,,,,,,
AGKSZX,8.55,04/02/19,1:1,5.68,,5.99,,,,
AGKSRX,6.16,06/08/21,1:1,8.08,8.14,,,,,
AGKSRU,7.37,06/08/21,1:1,6.87,6.93,,,,,
AGKSRT,8.55,06/08/21,1:1,5.68,5.74,5.59,,,,
,
Asciano Last Sale Price $4.59,
AIOSOA,21.69,28/06/12,1:1,.18,.19,.15,,,,
AIOSMW,17.27,29/06/12,1:1,.475,,.50,,,,
AIOSOB,7.71,27/06/13,1:1,.905,.915,1.095,,,,
AIOSMA,11.72,28/06/13,1:1,.32,,.18,,,,
AIOIOO,3.00,16/12/13,1:1,2.59,2.60,,,,,
AIOSSA,6.21,30/06/14,1:1,.59,,.495,,,,
AIOSSB,3.47,30/06/15,1:1,1.57,,.98,,,,
AIOSZC,26.94,30/06/17,1:1,1.255,,.965,,,,
AIOSZW,1.88,28/12/17,1:1,2.70,,1.07,,,,
AIOSZX,2.56,04/02/19,1:1,2.01,,1.97,,,,
AIOSRW,1.88,06/08/21,1:1,2.70,2.72,,,,,
AIOSRX,2.19,06/08/21,1:1,2.38,2.40,,,,,
AIOSRT,2.56,06/08/21,1:1,2.01,2.03,,,,,
,
Aust Infrastructure Fd Last Sale Price $2.01,
AIXSRX,1.03,06/08/21,1:1,.98,.985,,,,,
,
Aristocrat Leisure Last Sale Price $2.42,
ALLSOA,9.47,28/06/12,1:1,.12,.13,.50,,,,
ALLSMW,12.73,29/06/12,1:1,.345,,.89,,,,
ALLSMA,6.65,28/06/13,1:1,.175,,,,,,
ALLIOO,1.50,16/12/13,1:1,1.345,1.355,,,,,
ALLSSA,9.74,30/06/14,1:1,.51,,1.085,,,,
ALLSZC,10.56,30/06/17,1:1,1.31,,1.36,,,,
ALLSMY,14.26,30/06/17,1:1,.39,,.93,,,,
,
Australand Prop Last Sale Price $2.64,
ALZSSU,1.99,29/06/12,1:1,.77,,,,,,
,
Amcor Last Sale Price $6.90,
AMCSOA,3.92,28/06/12,1:1,3.08,3.09,3.04,-13,75,,
AMCIZZ,4.00,03/12/12,1:1,3.11,,3.05,,,,
AMCIOO,4.50,16/12/13,1:1,3.54,3.55,,,,,
AMCSZA,2.23,30/06/15,1:1,4.71,,4.72,,,,
AMCSOE,3.32,23/06/16,1:1,3.91,3.92,4.15,,,,
AMCSZX,3.33,04/02/19,1:1,3.56,,4.00,,,,
AMCSRX,2.86,06/08/21,1:1,4.02,4.04,,,,,
AMCSRT,3.31,06/08/21,1:1,3.58,3.60,,,,,
,
AMP Last Sale Price $4.32,
AMPIOU,3.50,29/03/12,1:1,.87,.88,.94,,,,
AMPIOL,5.00,25/05/12,1:1,.29,.30,.645,,,,
AMPIOE,3.00,28/06/12,1:1,1.46,1.47,1.48,,,,
AMPIRZ,3.25,28/06/12,1:1,1.195,1.21,1.195,,,,
AMPIOF,3.75,28/06/12,1:1,.915,.925,.97,+.5,20,,
AMPISN,4.54,28/06/12,1:1,,,,,,,
AMPISM,5.22,28/06/12,1:1,.585,.715,,,,,
AMPSOA,6.26,28/06/12,1:1,.085,.095,.09,,,,
AMPSSR,2.35,29/06/12,1:1,2.07,2.08,2.95,,,,
AMPSST,3.39,29/06/12,1:1,1.08,1.09,,,,,
AMPSMW,6.14,29/06/12,1:1,.16,,.165,,,,
AMPIOW,2.00,30/08/12,1:1,2.44,2.45,2.48,,,,
AMPISW,2.18,17/09/12,1:1,,,,,,,
AMPIRA,2.50,27/09/12,1:1,1.96,1.97,,,,,
AMPIOZ,2.50,29/11/12,1:1,2.14,2.15,,,,,
AMPIRQ,2.20,03/12/12,1:1,2.26,2.28,,,,,
AMPIZR,3.00,03/12/12,1:1,1.54,,1.66,,,,
AMPIZZ,3.00,03/12/12,1:1,1.54,,1.655,,,,
AMPSOB,2.54,27/06/13,1:1,1.925,1.935,2.52,,,,
AMPSMA,5.22,28/06/13,1:1,.175,,.285,,,,
AMPIOO,2.50,16/12/13,1:1,2.53,2.54,,,,,
AMPIOI,3.50,16/12/13,1:1,2.03,2.04,2.02,,,,
AMPSOC,2.20,26/06/14,1:1,2.41,2.42,2.52,,,,
AMPSSA,6.10,30/06/14,1:1,.525,,1.005,,,,
AMPSOD,3.49,26/06/15,1:1,1.735,1.745,2.84,,,,
AMPSZA,0.75,30/06/15,1:1,3.57,,3.46,,,,
AMPSMC,3.43,30/06/15,1:1,1.64,,2.73,,,,
AMPSSB,4.73,30/06/15,1:1,.875,,2.89,,,,
AMPSOE,1.85,23/06/16,1:1,2.68,2.69,2.81,,,,
AMPSOF,2.35,23/06/16,1:1,2.39,2.40,,,,,
AMPSWB,1.85,30/06/16,1:1,2.61,,2.89,,,,
AMPSWH,2.00,30/06/16,1:1,2.60,2.62,,,,,
AMPSWG,2.60,30/06/16,1:1,2.27,2.29,2.23,,,,
AMPSZB,3.96,30/06/16,1:1,.85,,.85,,,,
AMPSMX,4.01,30/06/16,1:1,.79,,1.575,,,,
AMPSWC,4.38,30/06/16,1:1,.58,,.58,,,,
AMPSWD,8.20,30/06/16,1:1,.22,,.215,,,,
AMPSMY,6.90,30/06/17,1:1,.31,,.295,,,,
AMPSZD,3.57,28/06/18,1:1,1.025,,3.67,,,,
AMPSMB,5.22,29/06/18,1:1,.575,,.57,,,,
AMPSZX,2.31,04/02/19,1:1,1.995,,1.855,,,,
AMPSZW,3.23,04/02/19,1:1,1.08,,1.125,,,,
AMPSRX,1.72,06/08/21,1:1,2.59,2.61,2.68,,,,
AMPSRT,2.31,06/08/21,1:1,1.995,2.01,1.92,,,,
AMPSRW,3.23,06/08/21,1:1,1.08,1.095,1.12,+6.5,17,,
,
ANZ Banking Grp Last Sale Price $21.69,
ANZJR1,14.10,22/02/12,1:1,7.58,7.60,7.72,+46,25,,
ANZIOU,14.50,29/03/12,1:1,7.36,7.37,7.04,,,,
ANZIZJ,16.97,29/03/12,1:1,4.85,,4.96,,,,
ANZIO1,11.00,11/05/12,1:1,11.06,11.07,11.17,,,,
ANZIOL,17.50,25/05/12,1:1,4.77,4.78,4.77,,,,
ANZIOE,12.00,28/06/12,1:1,10.10,10.11,10.22,+28,15,,
ANZIRZ,15.25,28/06/12,1:1,6.95,6.97,,,,,
ANZIOF,16.00,28/06/12,1:1,6.48,6.49,6.30,,,,
ANZSOA,16.68,28/06/12,1:1,5.49,5.50,3.67,,,,
ANZISN,22.54,28/06/12,1:1,,,,,,,
ANZISM,23.76,28/06/12,1:1,3.14,3.68,,,,,
ANZSSR,4.01,29/06/12,1:1,17.87,17.88,17.20,,,,
ANZSSS,11.66,29/06/12,1:1,10.57,10.58,10.35,,,,
ANZSST,16.27,29/06/12,1:1,6.17,6.18,4.61,,,,
ANZSMW,17.06,29/06/12,1:1,5.12,,5.14,,,,
ANZMMI,19.11,29/06/12,1:1,3.41,,1.62,,,,
ANZSSC,22.12,29/06/12,1:1,1.375,1.385,1.39,,,,
ANZIOW,10.00,30/08/12,1:1,12.23,12.24,12.40,+19,10,,
ANZIRA,10.50,27/09/12,1:1,11.66,11.68,,,,,
ANZIO2,10.00,07/11/12,1:1,12.23,12.24,,,,,
ANZIOZ,12.00,29/11/12,1:1,11.18,11.19,,,,,
ANZIRQ,12.00,03/12/12,1:1,10.62,10.64,10.36,,,,
ANZIZR,13.50,03/12/12,1:1,9.11,,8.86,,,,
ANZIZW,13.50,03/12/12,1:1,9.11,,7.53,,,,
ANZIZZ,13.50,03/12/12,1:1,9.11,9.30,8.81,,,,
ANZSOB,7.86,27/06/13,1:1,14.04,14.05,11.84,,,,
ANZSMZ,11.52,28/06/13,1:1,10.59,,13.14,,,,
ANZSMA,14.83,28/06/13,1:1,7.29,,6.64,,,,
ANZIOO,13.00,16/12/13,1:1,12.49,12.50,12.37,,,,
ANZIOI,18.00,16/12/13,1:1,10.08,10.09,,,,,
ANZSOC,4.93,26/06/14,1:1,16.92,16.93,15.98,,,,
ANZSSA,16.10,30/06/14,1:1,7.10,,6.64,,,,
ANZSOD,12.57,26/06/15,1:1,10.88,10.89,9.48,,,,
ANZSWM,5.24,30/06/15,1:1,16.73,,15.34,,,,
ANZSZA,6.30,30/06/15,1:1,15.53,,15.43,,,,
ANZSSB,10.99,30/06/15,1:1,11.66,,10.33,,,,
ANZSMC,12.55,30/06/15,1:1,10.66,,10.27,,,,
ANZSOE,9.24,23/06/16,1:1,13.49,13.50,13.45,,,,
ANZSOF,11.24,23/06/16,1:1,12.17,12.18,,,,,
ANZSWB,9.18,30/06/16,1:1,12.85,,12.34,,,,
ANZSWH,9.24,30/06/16,1:1,13.74,13.76,14.23,,,,
ANZSWG,11.48,30/06/16,1:1,12.36,12.38,12.15,,,,
ANZSZB,13.65,30/06/16,1:1,8.57,,8.15,,,,
ANZSWC,14.36,30/06/16,1:1,7.95,,7.55,,,,
ANZSMX,14.72,30/06/16,1:1,7.40,,7.38,,,,
ANZSWE,18.52,30/06/16,1:1,4.35,,4.35,,,,
ANZSWD,21.26,30/06/16,1:1,2.94,,2.60,,,,
ANZSMY,19.35,30/06/17,1:1,4.20,,4.20,,,,
ANZSZD,6.60,28/06/18,1:1,15.24,,14.40,,,,
ANZSMB,16.22,29/06/18,1:1,5.83,,7.85,,,,
ANZSZX,4.92,04/02/19,1:1,16.76,,15.96,,,,
ANZSZW,9.50,04/02/19,1:1,12.17,,11.47,,,,
ANZSZV,12.13,04/02/19,1:1,9.54,,9.54,,,,
ANZSRT,4.92,06/08/21,1:1,16.76,16.78,,,,,
ANZSRX,8.64,06/08/21,1:1,13.03,13.05,12.45,,,,
ANZSRW,9.50,06/08/21,1:1,12.17,12.19,12.08,,,,
ANZSRV,12.13,06/08/21,1:1,9.54,9.56,9.55,,,,
,
APA Grp Last Sale Price $4.69,
APASRX,2.40,06/08/21,1:1,2.28,2.29,,,,,
APASRY,2.90,06/08/21,1:1,1.785,1.79,,,,,
,
Argo Invest Last Sale Price $5.27,
ARGSZB,4.04,30/06/16,1:1,1.41,,1.79,,,,
,
ASX Last Sale Price $30.24,
ASXIOL,25.00,25/05/12,1:1,6.19,6.20,6.41,,,,
ASXSOA,28.95,28/06/12,1:1,3.51,3.52,3.65,,,,
ASXSSR,11.60,29/06/12,1:1,19.13,19.15,24.82,,,,
ASXSMW,27.16,29/06/12,1:1,3.90,,4.61,,,,
ASXIRQ,16.40,03/12/12,1:1,14.88,14.94,,,,,
ASXSOB,12.28,27/06/13,1:1,18.37,18.38,26.33,,,,
ASXSMZ,17.64,28/06/13,1:1,13.30,,13.56,,,,
ASXSMA,28.79,28/06/13,1:1,3.55,,3.87,,,,
ASXIOO,18.00,16/12/13,1:1,16.57,16.58,,,,,
ASXIOI,24.00,16/12/13,1:1,13.44,13.45,13.64,,,,
ASXSOC,12.20,26/06/14,1:1,18.51,18.52,17.49,,,,
ASXSSA,32.07,30/06/14,1:1,4.46,,13.11,,,,
ASXSZA,1.14,30/06/15,1:1,29.07,,34.67,,,,
ASXSMC,17.28,30/06/15,1:1,15.31,,,,,,
ASXSSB,21.19,30/06/15,1:1,12.61,,20.12,,,,
ASXSOE,14.07,23/06/16,1:1,17.90,17.91,,,,,
ASXSWB,15.32,30/06/16,1:1,15.60,,16.57,,,,
ASXSZB,16.27,30/06/16,1:1,14.39,,20.33,,,,
ASXSZC,27.09,30/06/17,1:1,5.82,,16.54,,,,
ASXSMY,30.21,30/06/17,1:1,4.95,,5.69,,,,
ASXSZD,15.60,28/06/18,1:1,15.00,,21.83,,,,
ASXSMB,30.18,29/06/18,1:1,5.34,,6.12,,,,
ASXSZX,11.45,04/02/19,1:1,18.73,,17.27,,,,
ASXSZW,17.11,04/02/19,1:1,13.07,,13.40,,,,
ASXSRT,11.45,06/08/21,1:1,18.73,18.79,,,,,
ASXSRX,12.65,06/08/21,1:1,17.53,17.59,,,,,
ASXSRW,17.11,06/08/21,1:1,13.07,13.13,,,,,
,
Alumina Last Sale Price $1.18,
AWCIRZ,1.25,28/06/12,1:1,.125,.13,.15,,,,
AWCSOA,5.59,28/06/12,1:1,.065,.075,.19,,,,
AWCSSR,0.85,29/06/12,1:1,.365,.375,1.295,,,,
AWCSST,1.00,29/06/12,1:1,.235,.245,.32,,,,
AWCIRA,0.95,27/09/12,1:1,.345,.35,.615,,,,
AWCIZR,1.50,03/12/12,1:1,.145,,.33,,,,
AWCIZZ,1.50,03/12/12,1:1,.145,,.185,,,,
AWCSOB,2.05,27/06/13,1:1,.17,.18,.175,,,,
AWCSMA,3.19,28/06/13,1:1,.078,,1.955,,,,
AWCIOO,0.90,16/12/13,1:1,.705,.715,,,,,
AWCIOI,1.20,16/12/13,1:1,.625,.635,.73,,,,
AWCSSB,3.64,30/06/15,1:1,.31,,.39,,,,
AWCSOE,0.87,23/06/16,1:1,.64,.65,,,,,
,
Billabong Int'l Last Sale Price $1.82,
BBGSMA,7.39,28/06/13,1:1,.195,,5.27,,,,
BBGSWB,6.77,30/06/16,1:1,.04,,.05,,,,
BBGSZB,10.78,30/06/16,1:1,1.065,,5.33,,,,
,
Bendigo & Adelaide Bk Last Sale Price $8.07,
BENSMW,8.79,29/06/12,1:1,.37,,.375,,,,
BENJR2,6.02,24/07/12,1:1,2.06,2.06,2.13,,,,
BENIRQ,5.00,03/12/12,1:1,3.54,3.55,3.79,,,,
BENSMA,7.20,28/06/13,1:1,1.32,,7.30,,,,
BENIOO,5.50,16/12/13,1:1,4.38,4.39,4.46,,,,
BENIOI,7.50,16/12/13,1:1,3.64,3.65,3.72,,,,
BENSZA,2.26,30/06/15,1:1,5.87,,7.12,,,,
BENSZB,8.22,30/06/16,1:1,1.51,,2.23,,,,
BENSRX,5.28,06/08/21,1:1,2.80,2.80,3.02,,,,
,
Berkshire Hathaway Inc Class B,
BHASRX,36.64,06/08/21,1:1,37.37,37.56,,,,,
,
BHP Billiton Last Sale Price $36.17,
BHPIOU,28.50,29/03/12,1:1,8.07,8.08,8.20,,,,
BHPIZJ,33.07,29/03/12,1:1,3.68,,5.32,,,,
BHPIO1,22.00,11/05/12,1:1,15.37,15.38,18.07,,,,
BHPIOM,30.00,25/05/12,1:1,7.66,7.67,8.60,,,,
BHPIOL,40.00,25/05/12,1:1,1.935,1.945,1.98,-4,47,,
BHPSOA,23.62,28/06/12,1:1,13.16,13.17,13.41,,,,
BHPIOC,25.00,28/06/12,1:1,12.72,12.73,14.20,,,,
BHPIOE,27.50,28/06/12,1:1,10.20,10.21,10.29,-2,50,,
BHPIRZ,30.00,28/06/12,1:1,7.71,7.73,7.69,,26,,
BHPIOF,32.50,28/06/12,1:1,6.33,6.34,6.57,,,,
BHPISN,40.19,28/06/12,1:1,,,,,,,
BHPISM,47.47,28/06/12,1:1,1.67,2.73,,,,,
BHPSSR,16.78,29/06/12,1:1,20.09,20.10,20.96,,,,
BHPSMW,19.19,29/06/12,1:1,17.62,,17.92,,,,
BHPSST,32.21,29/06/12,1:1,6.48,6.49,6.78,,,,
BHPMMI,39.98,29/06/12,1:1,2.66,,2.59,,,,
BHPSSC,42.81,29/06/12,1:1,.68,.69,1.06,,,,
BHPIOW,20.00,30/08/12,1:1,17.46,17.47,18.27,,,,
BHPIRA,21.00,27/09/12,1:1,16.37,16.39,16.50,,,,
BHPIO2,18.00,07/11/12,1:1,20.36,20.37,,,,,
BHPIOZ,21.00,29/11/12,1:1,17.62,17.63,18.48,,,,
BHPIRQ,20.60,03/12/12,1:1,17.14,17.16,18.05,,,,
BHPIZR,25.50,03/12/12,1:1,12.62,,14.05,,,,
BHPIZZ,25.50,03/12/12,1:1,12.62,,14.41,,,,
BHPSOB,21.71,27/06/13,1:1,16.45,16.46,15.67,,,,
BHPSMA,23.15,28/06/13,1:1,14.01,,14.51,,,,
BHPSMZ,29.15,28/06/13,1:1,7.91,,18.22,,,,
BHPIOO,23.00,16/12/13,1:1,19.47,19.48,19.70,,,,
BHPIOI,30.00,16/12/13,1:1,15.84,15.85,16.32,,,,
BHPSOC,14.54,26/06/14,1:1,23.13,23.14,22.81,,,,
BHPSSA,25.25,30/06/14,1:1,13.30,,13.31,,,,
BHPSOD,28.15,26/06/15,1:1,15.51,15.52,15.23,,,,
BHPSZA,5.89,30/06/15,1:1,30.42,,31.61,,,,
BHPSMC,24.61,30/06/15,1:1,17.16,,17.86,,,,
BHPSSB,25.68,30/06/15,1:1,15.18,,19.71,,,,
BHPSOE,19.48,23/06/16,1:1,21.01,21.02,22.57,,,,
BHPSOF,24.48,23/06/16,1:1,18.23,18.24,18.93,,,,
BHPSWB,11.46,30/06/16,1:1,25.30,,26.52,,,,
BHPSWC,16.31,30/06/16,1:1,20.90,,21.05,,,,
BHPSWH,18.00,30/06/16,1:1,22.68,22.71,21.66,,,,
BHPSMX,18.84,30/06/16,1:1,17.96,,18.56,,,,
BHPSZB,20.13,30/06/16,1:1,17.44,,18.42,,,,
BHPSWE,21.81,30/06/16,1:1,16.20,,17.55,,,,
BHPSWG,23.76,30/06/16,1:1,18.81,18.85,19.70,,,,
BHPSWF,26.42,30/06/16,1:1,12.69,,13.83,,,,
BHPSMY,21.47,30/06/17,1:1,14.81,,15.16,,,,
BHPSZC,29.57,30/06/17,1:1,11.43,,15.02,,,,
BHPSMB,27.32,29/06/18,1:1,10.18,,10.75,,,,
BHPSZX,14.57,04/02/19,1:1,21.60,,20.63,,,,
BHPSZW,18.62,04/02/19,1:1,17.54,,19.31,,,,
BHPSZU,20.06,04/02/19,1:1,16.11,,17.55,,,,
BHPSZV,24.66,04/02/19,1:1,11.50,,13.33,,,,
BHPSRT,14.57,06/08/21,1:1,21.59,21.61,,,,,
BHPSRX,17.56,06/08/21,1:1,18.60,18.62,16.94,,,,
BHPSRW,18.62,06/08/21,1:1,17.53,17.55,19.57,,,,
BHPSRU,20.06,06/08/21,1:1,16.10,16.12,16.36,,,,
BHPSRV,24.66,06/08/21,1:1,11.49,11.51,11.47,-63,10,,
,
iShares MSCI Brazil etf,
BIFSRX,30.07,06/08/21,1:1,33.81,33.92,,,,,
,
Boral Last Sale Price $4.27,
BLDSOA,5.21,28/06/12,1:1,.21,.22,.215,,,,
BLDIOO,2.50,16/12/13,1:1,2.55,2.56,,,,,
,
Boart Longyear Last Sale Price $3.62,
BLYSMW,13.44,29/06/12,1:1,.365,,.515,,,,
BLYSMA,13.52,28/06/13,1:1,.37,,.445,,,,
BLYSZC,1.71,30/06/17,1:1,2.17,,.165,,,,
BLYSZW,1.76,28/12/17,1:1,1.86,,1.10,,,,
BLYSRX,1.55,04/02/19,1:1,2.06,2.07,,,,,
BLYSRW,1.76,06/08/21,1:1,1.86,1.865,1.97,,,,
,
Bank of Qld Last Sale Price $7.19,
BOQJR1,5.20,22/02/12,1:1,2.00,1.995,,,,,
BOQSMW,9.01,29/06/12,1:1,.24,,3.55,,,,
BOQIRQ,4.50,03/12/12,1:1,3.12,3.12,,,,,
BOQIZR,5.50,03/12/12,1:1,2.22,,3.47,,,,
BOQIZZ,5.50,03/12/12,1:1,2.22,,2.70,,,,
BOQSMA,9.61,28/06/13,1:1,.28,,1.185,,,,
BOQIOO,5.00,16/12/13,1:1,4.05,4.06,,,,,
BOQIOI,7.00,16/12/13,1:1,3.40,3.41,,,,,
BOQSZA,3.25,30/06/15,1:1,3.78,,6.51,,,,
BOQSOE,3.72,23/06/16,1:1,4.40,4.41,4.76,,,,
BOQSZB,9.58,30/06/16,1:1,1.025,,3.78,,,,
BOQSMY,10.15,30/06/17,1:1,.78,,3.75,,,,
BOQSZU,4.82,04/02/19,1:1,2.37,,2.67,,,,
BOQSRX,3.23,06/08/21,1:1,3.97,3.97,4.10,,,,
BOQSRU,4.81,06/08/21,1:1,2.39,2.39,2.52,,,,
,
iShares MSCI BRIC etf,
BRFSRX,11.03,06/08/21,1:1,12.74,12.85,,,,,
,
BlueScope Steel Last Sale Price $0.40,
BSLIOL,1.50,25/05/12,1:1,.055,.065,.255,,,,
BSLSOA,7.45,28/06/12,1:1,.09,.10,.265,,,,
BSLSMW,5.47,29/06/12,1:1,.145,,.14,,,,
BSLIRQ,0.45,03/12/12,1:1,.078,.079,.091,,,,
BSLIZR,1.00,03/12/12,1:1,,,.04,,,,
BSLIZZ,1.00,03/12/12,1:1,.02,,.057,,,,
BSLSMA,5.84,28/06/13,1:1,.155,,.058,,,,
BSLIOO,0.40,16/12/13,1:1,.25,.26,,,,,
BSLIOI,0.60,16/12/13,1:1,.22,.23,,,,,
BSLSSA,5.70,30/06/14,1:1,.28,,,,,,
BSLSZA,2.87,30/06/15,1:1,.23,,.285,,,,
BSLSWH,0.35,30/06/16,1:1,.23,.25,.24,,,,
BSLSWG,1.16,30/06/16,1:1,,,.27,,,,
BSLSWB,2.36,30/06/16,1:1,.01,,.009,,,,
BSLSMX,3.70,30/06/16,1:1,.095,,4.60,,,,
BSLSZB,4.76,30/06/16,1:1,,,.565,,,,
BSLSMY,6.23,30/06/17,1:1,.165,,.435,,,,
BSLSMB,6.53,29/06/18,1:1,.175,,4.80,,,,
BSLSRX,0.25,06/08/21,1:1,.14,.145,.145,,,,
BSLSRT,0.31,06/08/21,1:1,.089,.09,,,,,
,
Brambles Last Sale Price $7.11,
BXBIOL,5.50,25/05/12,1:1,1.875,1.885,2.01,,,,
BXBIRZ,5.00,28/06/12,1:1,2.27,2.30,,,,,
BXBISN,7.14,28/06/12,1:1,,,,,,,
BXBISM,7.66,28/06/12,1:1,.96,1.14,,,,,
BXBSOA,7.70,28/06/12,1:1,.54,.55,1.43,,,,
BXBSSR,4.07,29/06/12,1:1,3.22,3.23,3.42,,,,
BXBSMW,10.49,29/06/12,1:1,.28,,.305,,,,
BXBIOW,3.50,30/08/12,1:1,3.80,3.81,,,,,
BXBIRA,3.60,27/09/12,1:1,3.66,3.69,,,,,
BXBIRQ,3.60,03/12/12,1:1,3.74,3.76,,,,,
BXBIZZ,4.00,03/12/12,1:1,3.32,,2.90,,,,
BXBSOB,4.03,27/06/13,1:1,3.36,3.37,3.62,,,,
BXBSMA,6.91,28/06/13,1:1,.845,,1.14,,,,
BXBIOO,4.00,16/12/13,1:1,4.28,4.29,,,,,
BXBIOI,5.50,16/12/13,1:1,3.56,3.57,,,,,
BXBSOC,2.96,26/06/14,1:1,4.35,4.36,4.60,,,,
BXBSSA,8.78,30/06/14,1:1,1.22,,1.39,,,,
BXBSZA,3.24,30/06/15,1:1,3.94,,4.04,,,,
BXBSMC,3.86,30/06/15,1:1,3.90,,,,,,
BXBSOE,3.37,23/06/16,1:1,4.33,4.34,,,,,
BXBSOF,3.87,23/06/16,1:1,4.05,4.06,,,,,
BXBSWB,3.72,30/06/16,1:1,3.51,,3.13,,,,
BXBSWG,4.04,30/06/16,1:1,4.05,4.07,4.22,,,,
BXBSZB,7.12,30/06/16,1:1,1.31,,1.475,,,,
BXBSMX,7.27,30/06/16,1:1,1.29,,1.42,,,,
BXBSWC,7.48,30/06/16,1:1,.56,,.59,,,,
BXBSMY,11.26,30/06/17,1:1,.72,,.705,,,,
BXBSMB,7.26,29/06/18,1:1,1.46,,1.655,,,,
BXBSZX,2.79,04/02/19,1:1,4.29,,4.20,,,,
BXBSZV,3.70,04/02/19,1:1,3.39,,2.86,,,,
BXBSRT,2.79,06/08/21,1:1,4.29,4.32,,,,,
BXBSRX,2.90,06/08/21,1:1,4.19,4.22,,,,,
BXBSRV,3.70,06/08/21,1:1,3.39,3.42,,,,,
,
iShares FTSE 25 etf,
C25SZ5,38.83,29/06/12,1:1,2.89,,,,,,
C25SZ3,43.08,29/06/12,1:1,1.11,,,,,,
C25SZ4,43.08,29/06/12,1:1,1.27,,,,,,
C25SZ1,45.21,29/06/12,1:1,1.055,,,,,,
C25SRX,19.00,06/08/21,1:1,19.14,19.21,,,,,
,
Cabcharge Aust Last Sale Price $4.81,
CABSMA,5.67,28/06/13,1:1,.625,,3.40,,,,
CABSRX,2.16,06/08/21,1:1,2.65,2.66,,,,,
CABSRU,2.63,06/08/21,1:1,2.17,2.18,1.87,,,,
,
C'wlth Bank of Aust Last Sale Price $49.96,
CBAIOU,32.00,29/03/12,1:1,18.23,18.24,18.70,,,,
CBAIZJ,39.01,29/03/12,1:1,11.25,,12.42,,,,
CBAIO1,25.00,11/05/12,1:1,25.83,25.84,26.45,,,,
CBAIOL,47.50,25/05/12,1:1,5.67,5.68,5.68,-19,20,,
CBAJR1,35.57,15/06/12,1:1,14.35,14.40,14.50,,,,
CBASOA,27.98,28/06/12,1:1,22.64,22.65,21.78,,,,
CBAIOE,30.00,28/06/12,1:1,21.10,21.11,21.11,-29,57,,
CBAIRZ,36.50,28/06/12,1:1,14.66,14.71,15.47,,,,
CBAISN,52.81,28/06/12,1:1,,,,,,,
CBAISM,56.51,28/06/12,1:1,6.72,7.98,,,,,
CBASSR,7.20,29/06/12,1:1,43.07,43.08,37.36,,,,
CBASSS,25.23,29/06/12,1:1,25.85,25.86,25.47,,,,
CBASMW,27.74,29/06/12,1:1,23.05,,23.29,,,,
CBASST,35.97,29/06/12,1:1,15.60,15.61,12.33,,,,
CBAMMI,41.50,29/06/12,1:1,8.87,,7.03,,,,
CBASSC,52.34,29/06/12,1:1,2.20,2.21,2.28,-12,35,,
CBAIOW,23.50,30/08/12,1:1,27.82,27.83,26.21,,,,
CBAISW,24.78,17/09/12,1:1,,,,,,,
CBAIRA,25.00,27/09/12,1:1,26.13,26.18,24.50,,,,
CBAIO2,24.00,07/11/12,1:1,27.90,27.91,27.91,-93,7,,
CBAIOZ,28.00,29/11/12,1:1,25.23,25.24,25.67,,,,
CBAIRQ,26.50,03/12/12,1:1,25.27,25.31,25.36,-28,26,,
CBAIZR,30.00,03/12/12,1:1,21.78,,20.77,,,,
CBAIZZ,30.00,03/12/12,1:1,21.78,,23.05,,,,
CBASOB,14.51,27/06/13,1:1,35.82,35.83,35.93,,,,
CBASMZ,20.17,28/06/13,1:1,30.46,,28.58,,,,
CBASMA,28.33,28/06/13,1:1,22.50,,21.94,,,,
CBAIOO,30.00,16/12/13,1:1,28.13,28.14,29.05,,,,
CBAIOI,40.00,16/12/13,1:1,22.91,22.92,23.08,,,,
CBASOC,7.42,26/06/14,1:1,42.71,42.72,41.41,,,,
CBASSA,31.55,30/06/14,1:1,20.40,,19.85,,,,
CBASOD,35.01,26/06/15,1:1,21.93,21.94,22.90,,,,
CBASWM,3.23,30/06/15,1:1,46.94,,46.98,,,,
CBASZA,6.77,30/06/15,1:1,43.32,,39.90,,,,
CBASSB,22.22,30/06/15,1:1,29.01,,27.25,,,,
CBASMC,29.11,30/06/15,1:1,24.21,,25.14,,,,
CBASOE,21.62,23/06/16,1:1,30.79,30.80,29.75,,,,
CBASOF,26.62,23/06/16,1:1,27.45,27.46,23.04,,,,
CBASWB,12.85,30/06/16,1:1,37.69,,37.71,,,,
CBASWC,19.49,30/06/16,1:1,31.22,,32.72,,,,
CBASZB,21.25,30/06/16,1:1,29.21,,29.37,,,,
CBASMX,23.58,30/06/16,1:1,27.07,,25.86,,,,
CBASWG,24.71,30/06/16,1:1,29.63,29.65,30.68,,,,
CBASWD,28.40,30/06/16,1:1,22.63,,22.29,,,,
CBASWE,32.79,30/06/16,1:1,18.46,,18.64,,,,
CBASMY,31.16,30/06/17,1:1,19.72,21.95,20.10,,,,
CBASZC,34.65,30/06/17,1:1,16.79,,23.19,,,,
CBASZD,18.02,28/06/18,1:1,32.34,,31.85,,,,
CBASMB,29.72,29/06/18,1:1,21.15,,20.31,,,,
CBASZX,9.81,04/02/19,1:1,40.10,,39.52,,,,
CBASZW,15.08,04/02/19,1:1,34.84,,34.65,,,,
CBASZV,25.50,04/02/19,1:1,24.41,,25.00,,,,
CBASZU,30.95,04/02/19,1:1,18.97,,19.18,,,,
CBASRT,9.81,06/08/21,1:1,40.10,40.15,39.77,,,,
CBASRW,15.08,06/08/21,1:1,34.84,34.89,33.42,,,,
CBASRX,22.91,06/08/21,1:1,27.00,27.05,27.19,,,,
CBASRV,25.50,06/08/21,1:1,24.41,24.46,24.52,,,,
CBASRU,30.95,06/08/21,1:1,18.97,19.02,20.61,,,,
,
Coca-Cola Amatil Last Sale Price $11.73,
CCLISN,13.46,28/06/12,1:1,,,,,,,
CCLSSR,4.32,29/06/12,1:1,7.62,7.63,7.29,,,,
CCLSST,7.71,29/06/12,1:1,4.38,4.39,,,,,
CCLISW,5.92,17/09/12,1:1,,,,,,,
CCLSMA,4.85,28/06/13,1:1,7.09,,7.25,,,,
CCLSSB,3.62,30/06/15,1:1,8.29,,7.95,,,,
CCLSWB,3.71,30/06/16,1:1,8.25,,,,,,
CCLSZX,3.95,04/02/19,1:1,7.79,,7.15,,,,
CCLSZW,5.76,04/02/19,1:1,5.98,,5.85,,,,
CCLSRT,3.95,06/08/21,1:1,7.79,7.78,,,,,
CCLSRX,5.24,06/08/21,1:1,6.51,6.50,,,,,
CCLSRW,5.76,06/08/21,1:1,5.98,5.97,,,,,
,
CFS Retail Prop Last Sale Price $1.70,
CFXSSU,1.34,29/06/12,1:1,.425,,,,,,
,
Challenger Last Sale Price $4.36,
CGFIOC,2.50,28/06/12,1:1,1.985,1.995,,,,,
CGFSMW,2.94,29/06/12,1:1,1.525,,1.435,,,,
CGFSMA,2.11,28/06/13,1:1,2.33,,2.39,,,,
,
Charter Hall Grp Last Sale Price $2.06,
CHCSSU,1.51,29/06/12,1:1,.63,,,,,,
,
Consolidated Media Last Sale Price $2.70,
CMJIZZ,1.50,03/12/12,1:1,1.29,,,,,,
CMJIOO,1.60,16/12/13,1:1,1.585,1.595,,,,,
CMJSZB,1.39,30/06/16,1:1,1.35,,1.29,,,,
,
Centro Properties Last Sale Price $0.04,
CNPSMW,7.67,29/06/12,1:1,,,.033,,,,
,
Cochlear Last Sale Price $60.55,
COHIOO,32.00,16/12/13,1:1,36.37,36.38,38.30,,,,
COHIOI,42.00,16/12/13,1:1,30.61,30.62,31.10,,,,
COHSOC,26.91,26/06/14,1:1,35.54,35.55,39.04,,,,
COHSWG,34.80,30/06/16,1:1,31.51,31.59,32.01,,,,
COHSZX,26.08,04/02/19,1:1,34.29,,25.50,,,,
COHSZW,33.30,04/02/19,1:1,27.08,,22.05,,,,
COHSRT,26.08,06/08/21,1:1,34.29,34.47,,,,,
COHSRX,32.24,06/08/21,1:1,28.14,28.32,20.85,,,,
COHSRW,33.30,06/08/21,1:1,27.08,27.26,,,,,
,
C'wlth Prop Office Last Sale Price $0.96,
CPASSU,0.67,29/06/12,1:1,.32,,,,,,
CPASZX,0.42,04/02/19,1:1,.54,,,,,,
CPASRX,0.37,06/08/21,1:1,.595,.60,,,,,
CPASRT,0.42,06/08/21,1:1,.54,.545,.53,,,,
,
Computershare Last Sale Price $8.00,
CPUIOL,7.50,25/05/12,1:1,1.125,1.135,1.45,,,,
CPUIRQ,4.00,03/12/12,1:1,4.26,4.27,,,,,
CPUIZZ,5.50,03/12/12,1:1,2.87,,2.70,,,,
CPUIOO,5.00,16/12/13,1:1,4.43,4.44,,,,,
CPUSOC,3.65,26/06/14,1:1,4.63,4.64,4.76,,,,
CPUSMC,6.69,30/06/15,1:1,3.05,,7.95,,,,
CPUSWG,4.86,30/06/16,1:1,4.03,4.04,,,,,
CPUSWB,5.36,30/06/16,1:1,3.23,,,,,,
CPUSZV,3.83,28/12/17,1:1,4.16,,4.61,,,,
CPUSZW,5.30,04/02/19,1:1,2.69,,2.94,,,,
CPUSRX,3.32,06/08/21,1:1,4.67,4.68,,,,,
CPUSRV,3.83,06/08/21,1:1,4.16,4.17,,,,,
CPUSRW,5.30,06/08/21,1:1,2.69,2.70,2.53,,,,
,
Charter Hall Off REIT Last Sale Price $3.55,
CQOSMA,7.51,28/06/13,1:1,.20,,.046,,,,
CQOSZB,8.03,30/06/16,1:1,.935,,2.68,,,,
,
Charter Hall Ret REIT Last Sale Price $3.18,
CQRSMW,6.68,29/06/12,1:1,.18,,.335,,,,
,
CSL Last Sale Price $30.78,
CSLSOA,19.29,28/06/12,1:1,12.05,12.06,12.38,,,,
CSLIRZ,21.00,28/06/12,1:1,10.38,10.42,11.08,,,,
CSLISN,31.68,28/06/12,1:1,,,,,,,
CSLISM,35.53,28/06/12,1:1,2.01,2.81,,,,,
CSLSMW,16.49,29/06/12,1:1,14.85,,17.90,,,,
CSLSSR,21.93,29/06/12,1:1,9.81,9.84,11.75,,,,
CSLIOW,14.00,30/08/12,1:1,17.40,17.41,17.37,,,,
CSLIRA,14.50,27/09/12,1:1,16.89,16.93,17.50,,,,
CSLIOZ,19.00,29/11/12,1:1,13.87,13.88,13.87,,,,
CSLIRQ,16.60,03/12/12,1:1,15.23,15.27,16.95,,,,
CSLIZZ,19.50,03/12/12,1:1,12.39,,14.00,,,,
CSLSMA,23.13,28/06/13,1:1,8.40,,9.09,,,,
CSLIOO,18.00,16/12/13,1:1,17.32,17.33,,,,,
CSLIOI,24.00,16/12/13,1:1,14.33,14.34,,,,,
CSLSOC,18.13,26/06/14,1:1,15.20,15.21,15.53,,,,
CSLSSA,20.95,30/06/14,1:1,12.02,,14.83,,,,
CSLSOD,20.85,26/06/15,1:1,13.59,13.60,12.79,,,,
CSLSMC,20.09,30/06/15,1:1,13.85,,18.35,,,,
CSLSSB,25.56,30/06/15,1:1,9.80,,16.23,,,,
CSLSOE,16.05,23/06/16,1:1,18.20,18.21,16.34,,,,
CSLSWH,15.00,30/06/16,1:1,18.68,18.70,,,,,
CSLSWG,19.11,30/06/16,1:1,15.53,15.55,16.49,,,,
CSLSWB,23.37,30/06/16,1:1,11.09,,19.28,,,,
CSLSZW,13.44,28/12/17,1:1,17.31,,,,,,
CSLSMB,25.22,29/06/18,1:1,6.91,,10.73,,,,
CSLSZX,20.04,04/02/19,1:1,10.70,,12.34,,,,
CSLSRX,13.30,06/08/21,1:1,17.45,17.49,,,,,
CSLSRW,13.44,06/08/21,1:1,17.31,17.35,,,,,
CSLSRT,20.04,06/08/21,1:1,10.70,10.74,,,,,
,
CSR Last Sale Price $1.90,
CSRIOM,1.75,25/05/12,1:1,.32,.33,,,,,
CSRIRQ,1.19,03/12/12,1:1,.825,.835,,,,,
CSRIZR,1.75,03/12/12,1:1,.395,,.535,,,,
CSRIZZ,1.75,03/12/12,1:1,.395,,.69,,,,
CSRIOO,1.40,16/12/13,1:1,1.00,1.01,,,,,
CSRSZA,1.03,30/06/15,1:1,.83,,1.025,,,,
CSRSZX,1.37,04/02/19,1:1,.525,,.965,,,,
CSRSRT,1.37,06/08/21,1:1,.525,.535,,,,,
,
Crown Last Sale Price $8.37,
CWNSMW,2.80,29/06/12,1:1,5.66,,5.49,,,,
CWNIZZ,5.00,03/12/12,1:1,3.62,,3.55,,,,
CWNSMA,7.00,28/06/13,1:1,1.66,,2.13,,,,
CWNIOO,5.00,16/12/13,1:1,4.73,4.74,,,,,
CWNIOI,6.50,16/12/13,1:1,3.95,3.96,,,,,
CWNSSA,8.85,30/06/14,1:1,1.69,,,,,,
CWNSWG,4.46,30/06/16,1:1,5.12,5.14,,,,,
CWNSZB,5.60,30/06/16,1:1,2.93,,2.69,,,,
CWNSWB,6.19,30/06/16,1:1,3.09,,3.53,,,,
CWNSMY,4.32,30/06/17,1:1,4.22,,4.05,,,,
CWNSMB,6.31,29/06/18,1:1,2.36,,3.08,,,,
CWNSZX,3.90,04/02/19,1:1,4.45,,4.44,,,,
CWNSRX,3.66,06/08/21,1:1,4.68,4.71,,,,,
CWNSRT,3.90,06/08/21,1:1,4.45,4.48,,,,,
,
David Jones Last Sale Price $2.41,
DJSIRQ,1.60,03/12/12,1:1,1.00,1.005,1.07,,,,
DJSIZR,3.00,03/12/12,1:1,.405,,.41,,,,
DJSIZZ,3.00,03/12/12,1:1,.405,,.56,,,,
DJSSZX,1.43,04/02/19,1:1,.975,,.925,,,,
DJSSRX,1.07,06/08/21,1:1,1.34,1.345,1.53,,,,
DJSSRT,1.43,06/08/21,1:1,.975,.98,,,,,
,
iShares Dow Jones US etf,
DJUSRX,29.51,06/08/21,1:1,33.77,33.84,,,,,
,
Downer EDI Last Sale Price $3.66,
DOWSRX,1.71,06/08/21,1:1,1.935,1.95,,,,,
,
DUET Grp Last Sale Price $1.79,
DUESMW,1.19,29/06/12,1:1,.625,,.445,,,,
DUESMA,1.20,28/06/13,1:1,.62,,1.53,,,,
DUESMX,0.62,30/06/16,1:1,1.17,,.96,,,,
DUESZB,0.87,30/06/16,1:1,.905,,.835,,,,
DUESMY,1.57,30/06/17,1:1,.315,,.295,,,,
DUESMB,1.34,29/06/18,1:1,.485,,,,,,
DUESZX,0.72,04/02/19,1:1,1.06,,.835,,,,
DUESRX,0.65,06/08/21,1:1,1.125,1.14,,,,,
DUESRT,0.71,06/08/21,1:1,1.065,1.08,1.02,,,,
,
DEXUS Prop Grp Last Sale Price $0.88,
DXSSSU,0.62,29/06/12,1:1,.28,,,,,,
,
Echo Entertainment Last Sale Price $3.58,
EGPSZX,1.33,04/02/19,1:1,2.22,,2.44,,,,
EGPSZW,1.91,04/02/19,1:1,1.645,,1.79,,,,
EGPSRT,1.33,06/08/21,1:1,2.22,2.25,2.37,,,,
EGPSRX,1.69,06/08/21,1:1,1.865,1.89,1.97,,,,
EGPSRW,1.91,06/08/21,1:1,1.645,1.67,,,,,
,
iShares MSCI Emerging Mkts etf,
EMKSRX,20.78,06/08/21,1:1,19.92,20.01,,,,,
,
Fortescue Metals Grp Last Sale Price $5.61,
FMGIOL,5.00,25/05/12,1:1,1.00,1.01,1.03,+19,271,,
FMGIOC,3.00,28/06/12,1:1,2.82,2.83,2.22,,,,
FMGIRZ,4.50,28/06/12,1:1,1.375,1.38,.78,,,,
FMGIOW,3.50,30/08/12,1:1,2.41,2.42,2.19,,,,
FMGIRA,3.25,27/09/12,1:1,2.60,2.61,2.22,,,,
FMGIOZ,3.00,29/11/12,1:1,3.06,3.07,,,,,
FMGIOO,3.00,16/12/13,1:1,3.61,3.62,,,,,
FMGSOE,2.96,23/06/16,1:1,3.44,3.45,3.03,,,,
FMGSZX,3.44,04/02/19,1:1,2.16,,2.02,,,,
FMGSRX,2.76,06/08/21,1:1,2.85,2.86,2.30,,,,
FMGSRT,3.44,06/08/21,1:1,2.17,2.18,1.99,,,,
,
Fleetwood Corp Last Sale Price $12.69,
FWDSZX,6.04,04/02/19,1:1,6.59,,6.49,,,,
FWDSRX,4.58,06/08/21,1:1,8.05,8.11,,,,,
FWDSRT,6.04,06/08/21,1:1,6.59,6.65,,,,,
,
Fairfax Media Last Sale Price $0.78,
FXJIOL,1.00,25/05/12,1:1,.081,.091,,,,,
FXJSOA,3.09,28/06/12,1:1,.053,.063,.125,,,,
FXJSSR,0.88,29/06/12,1:1,.051,.061,.24,,,,
FXJSMA,2.62,28/06/13,1:1,.063,,.145,,,,
FXJIOO,0.50,16/12/13,1:1,.475,.485,,,,,
FXJSSA,3.24,30/06/14,1:1,,,.55,,,,
FXJSSB,2.36,30/06/15,1:1,.205,,.22,,,,
,
Goodman Fielder Last Sale Price $0.52,
GFFSMA,0.85,28/06/13,1:1,.015,,.625,,,,
GFFSRW,0.30,06/08/21,1:1,.215,.22,.22,,,,
,
Goodman Grp Last Sale Price $0.64,
GMGSMW,5.38,29/06/12,1:1,.14,,.24,,,,
GMGSMA,2.88,28/06/13,1:1,.071,,.13,,,,
GMGSSA,4.66,30/06/14,1:1,,,.56,,,,
GMGSSB,2.51,30/06/15,1:1,.205,,.20,,,,
GMGSMY,5.77,30/06/17,1:1,.155,,.145,,,,
,
GPT Grp Last Sale Price $3.02,
GPTSOA,14.62,28/06/12,1:1,.001,,.41,,,,
GPTSSU,2.50,29/06/12,1:1,.645,,,,,,
GPTSMW,17.34,29/06/12,1:1,.475,,.845,,,,
GPTSMA,10.04,28/06/13,1:1,.27,,.56,,,,
GPTSMY,19.24,30/06/17,1:1,.53,,.56,,,,
,
Hunter Hall Global Last Sale Price $0.70,
HHVSZC,0.78,30/06/17,1:1,.125,,.20,,,,
,
Harvey Norman Last Sale Price $1.98,
HVNIRQ,1.20,03/12/12,1:1,.88,.89,.87,,,,
HVNIZZ,1.75,03/12/12,1:1,.425,,.465,,,,
HVNSZW,1.39,04/02/19,1:1,.58,,.455,,,,
HVNSRX,0.88,06/08/21,1:1,1.09,1.10,,,,,
HVNSRW,1.39,06/08/21,1:1,.58,.59,,,,,
,
iShares IBOXX HYCB etf,
HYGSRX,41.47,06/08/21,1:1,42.75,42.86,,,,,
,
iShares S&P India Nifty 50,
I50SRX,12.93,06/08/21,1:1,10.52,10.59,,,,,
,
iShares S&P Asia 50 Last Sale Price $41.02,
IAAIOM,23.50,25/05/12,1:1,18.06,18.07,17.85,,,,
,
Insurance Aust Grp Last Sale Price $2.84,
IAGIOL,3.00,25/05/12,1:1,.28,.29,.51,,,,
IAGIOF,1.75,28/06/12,1:1,1.165,1.175,,,,,
IAGSOA,3.69,28/06/12,1:1,.087,.097,.265,,,,
IAGSSR,1.93,29/06/12,1:1,.985,.995,2.18,,,,
IAGSMW,4.10,29/06/12,1:1,.105,,.175,,,,
IAGIRQ,1.70,03/12/12,1:1,1.27,1.285,,,,,
IAGIZZ,2.00,03/12/12,1:1,.98,,1.28,,,,
IAGSOB,2.15,27/06/13,1:1,.93,.94,,,,,
IAGSMA,2.00,28/06/13,1:1,.89,,2.28,,,,
IAGIOO,2.00,16/12/13,1:1,1.44,1.45,,,,,
IAGIOI,2.50,16/12/13,1:1,1.235,1.245,,,,,
IAGSOC,1.83,26/06/14,1:1,1.26,1.27,,,,,
IAGSSA,3.31,30/06/14,1:1,.62,,1.225,,,,
IAGSMC,2.15,30/06/15,1:1,1.145,,2.00,,,,
IAGSZA,2.36,30/06/15,1:1,.635,,1.785,,,,
IAGSOE,1.43,23/06/16,1:1,1.615,1.625,,,,,
IAGSWG,1.99,30/06/16,1:1,1.30,1.32,,,,,
IAGSWB,2.25,30/06/16,1:1,.88,,.99,,,,
IAGSZB,2.92,30/06/16,1:1,.425,,1.12,,,,
IAGSMX,4.09,30/06/16,1:1,.225,,1.525,,,,
IAGSMY,4.86,30/06/17,1:1,.20,,.505,,,,
IAGSMB,2.35,29/06/18,1:1,.64,,2.39,,,,
IAGSZX,2.00,04/02/19,1:1,.825,,.975,,,,
IAGSRX,1.34,06/08/21,1:1,1.49,1.505,1.62,,,,
IAGSRT,2.00,06/08/21,1:1,.825,.84,.97,,,,
,
iShares MSCI Em Mkt Last Sale Price $40.78,
IEMIOM,23.50,25/05/12,1:1,17.82,17.83,16.80,,,,
IEMSOD,28.70,26/06/15,1:1,21.14,21.15,21.04,,,,
,
iShares S&P High Div Last Sale Price $13.66,
IHDSZX,7.43,04/02/19,1:1,6.22,,6.40,,,,
IHDSRX,5.77,06/08/21,1:1,7.87,,,,,,
IHDSRY,6.41,06/08/21,1:1,7.24,7.28,7.23,,,,
IHDSRT,7.40,06/08/21,1:1,6.24,6.28,5.82,,,,
,
iShares S&P Mcap 600 Last Sale Price $70.62,
IJRSOD,40.27,26/06/15,1:1,40.37,40.38,36.86,,,,
,
iShares S&P/ASX 20 Last Sale Price $18.33,
ILCIO2,9.00,07/11/12,1:1,10.08,10.09,,,,,
ILCSWI,7.73,30/06/16,1:1,12.31,12.35,,,,,
ILCSWH,8.73,30/06/16,1:1,11.67,11.71,,,,,
ILCSWG,10.63,30/06/16,1:1,9.94,12.50,10.17,,,,
ILCSRX,8.12,06/08/21,1:1,10.19,10.25,,,,,
ILCSRY,9.06,06/08/21,1:1,9.26,,,,,,
,
Iluka Res Last Sale Price $17.12,
ILUIOW,8.00,30/08/12,1:1,9.56,9.57,10.26,,,,
,
Investa Office Fd Last Sale Price $0.63,
IOFSSU,0.44,29/06/12,1:1,.20,,,,,,
,
iShares Global 100 Last Sale Price $57.98,
IOOIOM,32.00,25/05/12,1:1,26.70,26.71,26.61,,,,
,
iShares MSCI Aus 200 Last Sale Price $18.32,
IOZSWG,12.30,30/06/16,1:1,8.50,8.52,,,,,
IOZSRX,9.51,06/08/21,1:1,8.75,8.80,,,,,
,
Incitec Pivot Last Sale Price $3.39,
IPLIOW,1.50,30/08/12,1:1,1.985,1.995,1.85,,,,
IPLSOC,1.36,26/06/14,1:1,2.19,2.20,1.95,,,,
IPLSMC,1.82,30/06/15,1:1,1.875,,2.22,,,,
IPLSOE,1.72,23/06/16,1:1,2.11,2.12,2.15,,,,
IPLSZB,1.35,30/06/16,1:1,2.09,,2.38,,,,
IPLSWG,1.92,30/06/16,1:1,1.94,1.96,,,,,
IPLSRX,1.64,06/08/21,1:1,1.745,1.75,,,,,
,
iShares S&P 500 Last Sale Price $127.03,
IVVSOD,72.79,26/06/15,1:1,64.85,64.86,60.95,,,,
,
iShares Glb Cons Last Sale Price $62.78,
IXIIOM,32.00,25/05/12,1:1,31.49,31.50,31.00,,,,
,
iShares Glb Health Last Sale Price $53.76,
IXJIOM,27.00,25/05/12,1:1,27.43,27.44,27.30,,,,
,
JB Hi-Fi Last Sale Price $11.80,
JBHSMB,7.90,29/06/18,1:1,4.35,,14.80,,,,
JBHSRX,7.18,06/08/21,1:1,4.57,,4.51,,,,
,
Leighton Hldgs Last Sale Price $22.87,
LEISMW,16.89,29/06/12,1:1,6.65,,5.26,,,,
LEIIRQ,11.00,03/12/12,1:1,12.61,12.67,14.08,,,,
LEISMA,32.35,28/06/13,1:1,1.005,,1.375,,,,
LEISOC,7.62,26/06/14,1:1,15.69,15.70,15.61,,,,
LEISMC,20.81,30/06/15,1:1,9.41,,19.63,,,,
LEISOE,10.00,23/06/16,1:1,14.63,14.64,,,,,
LEISWB,4.36,30/06/16,1:1,18.83,,14.06,,,,
LEISMX,8.88,30/06/16,1:1,14.43,,28.67,,,,
LEISWH,10.00,30/06/16,1:1,15.45,15.47,12.16,,,,
LEISWG,16.35,30/06/16,1:1,11.22,11.23,8.20,,,,
LEISWC,22.44,30/06/16,1:1,4.04,,9.80,,,,
LEISZC,25.73,30/06/17,1:1,4.58,,3.79,,,,
LEISZX,6.65,04/02/19,1:1,16.16,,15.83,,,,
LEISZW,10.56,04/02/19,1:1,12.26,,10.89,,,,
LEISRT,6.65,06/08/21,1:1,16.16,16.22,,,,,
LEISRX,9.42,06/08/21,1:1,13.40,13.46,,,,,
LEISRW,10.56,06/08/21,1:1,12.26,12.32,12.29,+101,2,,
,
Lend Lease Grp Last Sale Price $7.18,
LLCIOM,5.50,25/05/12,1:1,1.92,1.93,2.29,,,,
LLCSOA,12.19,28/06/12,1:1,.175,.185,,,,,
LLCSSR,4.05,29/06/12,1:1,3.31,3.32,5.16,,,,
LLCSST,5.63,29/06/12,1:1,1.825,1.835,2.30,,,,
LLCMMI,9.29,29/06/12,1:1,.42,,.43,,,,
LLCSMW,12.38,29/06/12,1:1,.33,,.44,,,,
LLCIRQ,4.25,03/12/12,1:1,3.28,3.29,,,,,
LLCIZZ,5.00,03/12/12,1:1,2.56,,3.58,,,,
LLCSOB,4.29,27/06/13,1:1,3.18,3.19,3.48,,,,
LLCSMA,8.99,28/06/13,1:1,.31,,1.14,,,,
LLCIOO,4.50,16/12/13,1:1,3.94,3.95,,,,,
LLCSOC,2.12,26/06/14,1:1,5.14,5.15,6.52,,,,
LLCSZA,4.12,30/06/15,1:1,3.27,,3.33,,,,
LLCSOE,4.35,23/06/16,1:1,3.81,3.82,3.85,,,,
LLCSWG,4.48,30/06/16,1:1,3.91,3.93,3.80,,,,
LLCSWB,6.70,30/06/16,1:1,1.20,,1.47,,,,
LLCSZB,8.27,30/06/16,1:1,1.23,,3.20,,,,
LLCSMY,13.52,30/06/17,1:1,.505,,1.20,,,,
LLCSZD,4.65,28/06/18,1:1,2.94,,1.665,,,,
LLCSZX,1.86,04/02/19,1:1,5.32,,5.65,,,,
LLCSZW,3.40,04/02/19,1:1,3.78,,3.98,,,,
LLCSZU,4.84,04/02/19,1:1,2.33,,2.86,,,,
LLCSZV,6.21,04/02/19,1:1,.97,,1.07,,,,
LLCSRT,1.86,06/08/21,1:1,5.32,5.33,,,,,
LLCSRW,3.40,06/08/21,1:1,3.78,3.79,,,,,
LLCSRX,3.74,06/08/21,1:1,3.43,3.44,3.43,,,,
LLCSRU,4.84,06/08/21,1:1,2.33,2.34,,,,,
LLCSRV,6.21,06/08/21,1:1,.97,.975,,,,,
,
iShares IBOXX IGCB etf,
LQDSRX,55.62,06/08/21,1:1,52.98,53.09,,,,,
,
Mirvac Grp Last Sale Price $1.20,
MGRSOA,3.52,28/06/12,1:1,.001,,.011,,,,
MGRSSU,0.93,29/06/12,1:1,.31,,,,,,
MGRSMW,3.74,29/06/12,1:1,.095,,.18,,,,
MGRSZB,2.55,30/06/16,1:1,.25,,.305,,,,
MGRSZX,0.55,04/02/19,1:1,.645,,.72,,,,
MGRSRX,0.43,06/08/21,1:1,.765,.77,,,,,
MGRSRT,0.55,06/08/21,1:1,.645,.65,,,,,
,
Macquarie Grp Last Sale Price $26.78,
MQGIOU,22.00,29/03/12,1:1,5.42,5.43,5.77,,,,
MQGIZJ,26.07,29/03/12,1:1,1.36,,1.06,,,,
MQGIO1,18.00,11/05/12,1:1,9.96,9.97,10.18,+83,2,,
MQGIOL,30.00,25/05/12,1:1,2.59,2.60,2.69,,,,
MQGIOC,17.50,28/06/12,1:1,10.71,10.72,,,,,
MQGIOE,20.00,28/06/12,1:1,8.23,8.24,8.61,,,,
MQGIRZ,20.00,28/06/12,1:1,7.78,7.79,7.91,,,,
MQGSOA,56.09,28/06/12,1:1,.785,.795,1.255,,,,
MQGSSR,18.10,29/06/12,1:1,9.49,9.53,7.35,,,,
MQGIOW,11.00,30/08/12,1:1,16.46,16.47,11.45,,,,
MQGIRA,13.00,27/09/12,1:1,14.51,14.52,13.12,,,,
MQGIOZ,14.00,29/11/12,1:1,14.89,14.90,,,,,
MQGIRQ,12.90,03/12/12,1:1,15.00,15.01,14.25,,,,
MQGIZR,19.50,03/12/12,1:1,9.12,,10.00,,,,
MQGIZZ,19.50,03/12/12,1:1,9.12,,8.48,,,,
MQGSOB,25.11,27/06/13,1:1,8.50,8.51,8.68,,,,
MQGIOO,14.00,16/12/13,1:1,17.81,17.82,,,,,
MQGIOI,19.00,16/12/13,1:1,15.63,15.64,14.72,,,,
MQGSOC,10.15,26/06/14,1:1,18.16,18.17,19.82,,,,
MQGSSA,49.06,30/06/14,1:1,3.45,,3.44,,,,
MQGSOD,31.80,26/06/15,1:1,9.64,9.65,17.96,,,,
MQGSZA,18.50,30/06/15,1:1,9.75,,6.85,,,,
MQGSSB,34.73,30/06/15,1:1,5.85,,4.92,,,,
MQGSOE,11.85,23/06/16,1:1,17.38,17.39,14.76,,,,
MQGSOF,14.85,23/06/16,1:1,16.07,16.08,12.13,,,,
MQGSWH,11.35,30/06/16,1:1,17.90,17.92,,,,,
MQGSWG,19.82,30/06/16,1:1,13.80,13.81,11.58,,,,
MQGSWB,34.69,30/06/16,1:1,1.44,,1.54,,,,
MQGSZB,41.87,30/06/16,1:1,4.58,,4.64,,,,
MQGSZC,37.84,30/06/17,1:1,5.25,,4.93,,,,
MQGSZD,28.56,28/06/18,1:1,6.13,,15.11,,,,
MQGSZX,10.80,04/02/19,1:1,15.97,,10.45,,,,
MQGSZW,14.72,04/02/19,1:1,12.06,,9.01,,,,
MQGSRX,10.48,06/08/21,1:1,16.30,16.31,14.55,,,,
MQGSRT,10.80,06/08/21,1:1,15.97,15.98,,,,,
MQGSRW,14.72,06/08/21,1:1,12.06,12.07,9.20,,,,
,
Metcash Last Sale Price $4.06,
MTSJR1,2.60,22/02/12,1:1,1.45,1.465,,,,,
MTSIOL,3.50,25/05/12,1:1,.735,.745,.80,,,,
MTSIOO,2.50,16/12/13,1:1,2.21,2.22,,,,,
MTSIOI,3.50,16/12/13,1:1,1.77,1.78,1.75,,,,
MTSSWD,2.19,30/06/16,1:1,1.91,,1.985,,,,
MTSSZX,1.77,04/02/19,1:1,2.28,,2.19,,,,
MTSSRX,1.70,06/08/21,1:1,2.34,2.36,,,,,
MTSSRT,1.77,06/08/21,1:1,2.28,2.30,,,,,
,
Myer Hldgs Last Sale Price $2.06,
MYRIOM,2.00,25/05/12,1:1,.275,.285,.34,,,,
MYRJR2,1.44,24/07/12,1:1,.605,.62,,,,,
MYRSOE,1.14,23/06/16,1:1,1.105,1.115,1.08,,,,
MYRSZW,1.05,28/12/17,1:1,1.00,,1.065,,,,
MYRSZX,1.65,04/02/19,1:1,.395,,.855,,,,
MYRSRX,0.86,06/08/21,1:1,1.185,1.20,,,,,
MYRSRW,1.05,06/08/21,1:1,1.00,1.015,,,,,
MYRSRT,1.65,06/08/21,1:1,.395,.41,.37,,,,
,
National Aust Bank Last Sale Price $23.02,
NABJR1,15.66,22/02/12,1:1,7.34,7.36,7.41,,,,
NABIOU,15.50,29/03/12,1:1,7.69,7.70,8.33,,,,
NABIZJ,20.25,29/03/12,1:1,2.98,,5.40,,,,
NABIO1,12.00,11/05/12,1:1,11.59,11.60,12.19,,,,
NABIOL,21.50,25/05/12,1:1,2.87,2.88,2.87,-23,50,,
NABIOE,15.00,28/06/12,1:1,8.54,8.55,8.51,-31,49,,
NABIRZ,18.00,28/06/12,1:1,5.86,5.88,7.09,,,,
NABIOF,20.00,28/06/12,1:1,4.55,4.56,4.55,,,,
NABSOA,23.02,28/06/12,1:1,2.22,2.23,2.27,,,,
NABISN,27.14,28/06/12,1:1,,,,,,,
NABISM,27.70,28/06/12,1:1,3.27,3.89,,,,,
NABSSR,6.47,29/06/12,1:1,16.85,16.86,17.48,,,,
NABSSS,13.91,29/06/12,1:1,9.74,9.75,10.82,,,,
NABSST,18.45,29/06/12,1:1,5.57,5.58,6.03,,,,
NABSMW,23.95,29/06/12,1:1,.925,,1.01,,,,
NABSSC,25.50,29/06/12,1:1,.635,.645,1.73,,,,
NABMMI,26.99,29/06/12,1:1,1.70,,.74,,,,
NABIOW,11.00,30/08/12,1:1,12.64,12.65,13.93,,,,
NABIRA,12.00,27/09/12,1:1,11.64,11.66,14.37,,,,
NABIO2,12.00,07/11/12,1:1,12.52,12.53,,,,,
NABIOZ,14.00,29/11/12,1:1,10.91,10.92,11.83,,,,
NABIRQ,13.80,03/12/12,1:1,9.00,10.54,10.61,,,,
NABIZR,15.00,03/12/12,1:1,9.20,,11.09,,,,
NABIZW,15.00,03/12/12,1:1,9.20,,10.15,,,,
NABIZZ,15.00,03/12/12,1:1,9.20,,10.16,,,,
NABSOB,12.84,27/06/13,1:1,10.76,10.77,9.09,,,,
NABSMZ,14.26,28/06/13,1:1,9.30,,9.97,,,,
NABSMA,19.83,28/06/13,1:1,3.84,,3.84,,,,
NABIOO,16.00,16/12/13,1:1,12.39,12.40,12.41,,,,
NABIOI,20.00,16/12/13,1:1,10.66,10.67,11.00,,,,
NABSOC,6.32,26/06/14,1:1,16.88,16.89,18.50,,,,
NABSSA,20.65,30/06/14,1:1,5.62,,8.23,,,,
NABSOD,15.50,26/06/15,1:1,10.17,10.18,11.68,,,,
NABSWM,7.84,30/06/15,1:1,15.49,,16.12,,,,
NABSZA,11.23,30/06/15,1:1,12.09,,12.68,,,,
NABSMC,13.10,30/06/15,1:1,11.53,,12.86,,,,
NABSSB,15.15,30/06/15,1:1,9.84,,10.84,,,,
NABSOE,10.62,23/06/16,1:1,13.63,13.64,13.50,,,,
NABSOF,13.12,23/06/16,1:1,12.22,12.23,,,,,
NABSWG,12.22,30/06/16,1:1,13.12,13.14,13.49,,,,
NABSWB,12.39,30/06/16,1:1,11.22,,12.04,,,,
NABSWC,18.84,30/06/16,1:1,5.39,,6.11,,,,
NABSZB,19.81,30/06/16,1:1,5.21,,5.72,,,,
NABSMX,21.33,30/06/16,1:1,4.37,,5.14,,,,
NABSWD,28.89,30/06/16,1:1,.45,,.67,,,,
NABSMY,26.99,30/06/17,1:1,2.98,,3.77,,,,
NABSZD,11.92,28/06/18,1:1,11.38,,12.01,,,,
NABSMB,19.83,29/06/18,1:1,5.41,,6.58,,,,
NABSZX,7.64,04/02/19,1:1,15.36,,15.80,,,,
NABSZW,12.41,04/02/19,1:1,10.60,,11.55,,,,
NABSRT,7.64,06/08/21,1:1,15.36,15.38,,,,,
NABSRX,9.92,06/08/21,1:1,13.09,13.11,13.20,,,,
NABSRW,12.41,06/08/21,1:1,10.60,10.62,10.75,,,,
,
Newcrest Min Last Sale Price $34.40,
NCMIO1,17.80,11/05/12,1:1,17.65,17.66,18.85,,,,
NCMIOM,24.80,25/05/12,1:1,10.41,10.42,10.24,,,,
NCMIOC,28.00,28/06/12,1:1,8.53,8.54,,,,,
NCMIRZ,29.80,28/06/12,1:1,6.09,6.12,6.40,,,,
NCMISN,36.94,28/06/12,1:1,,,,,,,
NCMISM,40.60,28/06/12,1:1,2.53,3.44,,,,,
NCMSSR,23.37,29/06/12,1:1,11.88,11.90,10.64,,,,
NCMIOW,19.79,30/08/12,1:1,15.77,15.78,15.60,,,,
NCMIRA,19.80,27/09/12,1:1,15.56,15.59,12.63,,,,
NCMIOZ,21.00,29/11/12,1:1,15.62,15.63,13.20,,,,
NCMIZZ,23.30,03/12/12,1:1,12.74,,12.02,,,,
NCMSOB,18.34,27/06/13,1:1,17.70,17.71,22.70,,,,
NCMSMA,25.28,28/06/13,1:1,10.03,,12.14,,,,
NCMIOO,22.00,16/12/13,1:1,18.56,18.57,,,,,
NCMIOI,29.00,16/12/13,1:1,15.27,15.28,,,,,
NCMSSB,26.04,30/06/15,1:1,15.62,,20.32,,,,
NCMSOE,17.59,23/06/16,1:1,21.09,21.10,21.26,,,,
NCMSWG,19.96,30/06/16,1:1,19.52,19.54,19.53,-5,6,,
NCMSZX,18.46,04/02/19,1:1,15.91,,15.32,,,,
NCMSRT,18.46,06/08/21,1:1,15.91,15.94,16.40,,,,
,
News Corp Last Sale Price $18.84,
NWSISN,18.93,28/06/12,1:1,,,,,,,
NWSIRQ,9.00,03/12/12,1:1,10.40,10.38,,,,,
NWSSMA,14.63,28/06/13,1:1,4.87,,4.47,,,,
NWSIOO,10.00,16/12/13,1:1,11.05,11.07,,,,,
NWSIOI,14.00,16/12/13,1:1,8.55,8.56,,,,,
NWSSOC,7.28,26/06/14,1:1,12.14,12.15,9.27,,,,
NWSSWG,9.01,30/06/16,1:1,11.91,11.93,9.31,,,,
NWSSZW,6.74,28/12/17,1:1,12.12,,,,,,
NWSSZX,9.58,04/02/19,1:1,9.29,,9.36,,,,
NWSSRW,6.74,06/08/21,1:1,12.12,12.10,,,,,
NWSSRX,7.22,06/08/21,1:1,11.64,11.62,,,,,
NWSSRT,9.58,06/08/21,1:1,9.29,9.27,,,,,
,
Origin Energy Last Sale Price $13.39,
ORGIRZ,10.75,28/06/12,1:1,3.17,3.16,3.32,,,,
ORGISN,15.17,28/06/12,1:1,,,,,,,
ORGISM,16.92,28/06/12,1:1,.94,1.33,3.10,,,,
ORGSMW,4.56,29/06/12,1:1,9.01,,9.32,,,,
ORGSSR,7.00,29/06/12,1:1,6.73,6.74,6.88,,,,
ORGSST,10.46,29/06/12,1:1,3.46,3.47,,,,,
ORGIOW,7.00,30/08/12,1:1,6.78,6.79,6.96,,,,
ORGIRA,7.25,27/09/12,1:1,6.55,6.54,7.28,,,,
ORGIRQ,7.70,03/12/12,1:1,6.31,6.30,,,,,
ORGIZZ,9.50,03/12/12,1:1,4.59,,5.94,,,,
ORGSMA,4.08,28/06/13,1:1,9.43,,11.67,,,,
ORGIOO,8.50,16/12/13,1:1,7.17,7.18,,,,,
ORGSOC,6.89,26/06/14,1:1,7.27,7.28,7.21,,,,
ORGSMC,8.85,30/06/15,1:1,6.14,,9.26,,,,
ORGSOE,7.75,23/06/16,1:1,7.66,7.67,,,,,
ORGSWB,3.05,30/06/16,1:1,10.54,,12.22,,,,
ORGSWH,6.50,30/06/16,1:1,8.50,8.52,10.03,,,,
ORGSWG,8.75,30/06/16,1:1,6.99,7.01,6.89,,,,
ORGSMB,3.73,29/06/18,1:1,9.77,,11.80,,,,
ORGSZX,6.90,04/02/19,1:1,6.51,,6.75,,,,
ORGSZW,9.27,04/02/19,1:1,4.13,,4.40,,,,
ORGSRX,6.24,06/08/21,1:1,7.16,7.15,7.82,,,,
ORGSRT,6.90,06/08/21,1:1,6.51,6.50,6.55,,,,
ORGSRW,9.27,06/08/21,1:1,4.13,4.12,4.82,,,,
,
Orica Last Sale Price $25.72,
ORIIOL,20.00,25/05/12,1:1,6.44,6.45,6.21,,,,
ORISSR,2.25,29/06/12,1:1,23.57,23.60,20.85,,,,
ORISMW,13.33,29/06/12,1:1,12.85,,12.74,,,,
ORISST,16.49,29/06/12,1:1,9.97,10.00,,,,,
ORIIRQ,11.54,03/12/12,1:1,14.90,14.90,,,,,
ORIIZZ,15.00,03/12/12,1:1,11.58,,,,,,
ORISMA,14.82,28/06/13,1:1,11.58,,10.71,,,,
ORIIOO,15.50,16/12/13,1:1,14.71,14.72,,,,,
ORISOC,3.03,26/06/14,1:1,22.82,22.83,23.48,,,,
ORISSA,13.47,30/06/14,1:1,12.99,,6.35,,,,
ORISMC,11.13,30/06/15,1:1,15.85,,16.48,,,,
ORISOE,12.97,23/06/16,1:1,14.39,14.40,14.25,,,,
ORISWB,8.98,30/06/16,1:1,17.10,,14.63,,,,
ORISWG,12.97,30/06/16,1:1,14.87,14.89,13.53,,,,
ORISMY,14.85,30/06/17,1:1,11.34,,9.75,,,,
ORISMB,16.22,29/06/18,1:1,9.97,,10.39,,,,
ORISZX,10.85,04/02/19,1:1,14.87,,12.06,,,,
ORISRT,10.85,06/08/21,1:1,14.88,14.88,,,,,
ORISRX,10.96,06/08/21,1:1,14.76,14.77,,,,,
,
Oil Search Last Sale Price $6.50,
OSHIRZ,4.75,28/06/12,1:1,1.915,1.93,,,,,
OSHIOW,3.00,30/08/12,1:1,3.65,3.66,3.73,,,,
OSHIRA,3.25,27/09/12,1:1,3.38,3.40,,,,,
OSHIZZ,4.00,03/12/12,1:1,2.72,,3.10,,,,
OSHSMZ,3.56,28/06/13,1:1,3.08,,2.62,,,,
OSHIOO,4.00,16/12/13,1:1,3.56,3.57,,,,,
OSHSZX,3.21,04/02/19,1:1,3.28,,3.17,,,,
OSHSRX,2.95,06/08/21,1:1,3.54,3.56,,,,,
OSHSRT,3.21,06/08/21,1:1,3.28,3.30,3.36,,,,
,
OneSteel Last Sale Price $0.75,
OSTIOL,1.80,25/05/12,1:1,.105,.115,.52,,,,
OSTSMA,3.99,28/06/13,1:1,.10,,.23,,,,
OSTIOO,0.60,16/12/13,1:1,.445,.455,.50,,,,
OSTSZD,3.79,28/06/18,1:1,.56,,.57,,,,
,
OZ Minerals Last Sale Price $11.49,
OZLSOA,41.86,28/06/12,1:1,.001,,.001,,,,
OZLSOB,16.41,27/06/13,1:1,1.40,1.41,1.295,,,,
OZLSMZ,24.68,28/06/13,1:1,.67,,.76,,,,
OZLIOO,6.50,16/12/13,1:1,7.26,7.27,,,,,
OZLIOI,9.00,16/12/13,1:1,6.22,6.23,6.25,,50,,
OZLSOE,5.20,23/06/16,1:1,7.34,7.35,,,,,
OZLSOF,6.70,23/06/16,1:1,6.80,6.81,,,,,
OZLSZB,13.37,30/06/16,1:1,1.24,,1.26,,,,
OZLSWB,17.19,30/06/16,1:1,1.48,,1.46,,,,
OZLSZX,6.51,04/02/19,1:1,4.95,,3.39,,,,
OZLSRX,5.31,06/08/21,1:1,6.15,6.17,6.22,,,,
OZLSRT,6.51,06/08/21,1:1,4.95,4.97,,,,,
,
Pacific Brands Last Sale Price $0.69,
PBGSMA,1.79,28/06/13,1:1,.04,,.057,,,,
PBGSWB,1.04,30/06/16,1:1,.01,,.015,,,,
,
Paladin Energy Last Sale Price $1.70,
PDNIOO,0.90,16/12/13,1:1,1.165,1.175,,,,,
PDNIOI,1.20,16/12/13,1:1,.99,1.00,,,,,
,
Perpetual Last Sale Price $21.66,
PPTJR1,16.12,22/02/12,1:1,5.59,5.55,,,,,
PPTSMW,55.24,29/06/12,1:1,1.515,,3.06,,,,
PPTSMX,50.85,30/06/16,1:1,1.735,,3.58,,,,
PPTSMY,61.33,30/06/17,1:1,2.14,,2.50,,,,
PPTSZU,16.54,04/02/19,1:1,5.16,,3.85,,,,
PPTSRX,9.53,06/08/21,1:1,12.18,12.14,12.11,,,,
PPTSRU,16.50,06/08/21,1:1,5.20,5.16,5.43,,,,
,
Primary Health Care Last Sale Price $2.97,
PRYSMA,3.87,28/06/13,1:1,.175,,2.15,,,,
PRYSZC,4.86,30/06/17,1:1,.505,,.575,,,,
PRYSZU,1.73,04/02/19,1:1,1.25,,1.60,,,,
PRYSZX,2.33,04/02/19,1:1,.645,,1.19,,,,
PRYSRX,1.31,06/08/21,1:1,1.67,1.665,,,,,
PRYSRU,1.73,06/08/21,1:1,1.25,1.245,,,,,
PRYSRT,2.33,06/08/21,1:1,.645,.64,,,,,
,
Platinum Asset Last Sale Price $3.54,
PTMSMW,6.48,29/06/12,1:1,.17,,.185,,,,
PTMSMA,2.35,28/06/13,1:1,1.30,,1.90,,,,
PTMSZC,6.32,30/06/17,1:1,.725,,.915,,,,
,
Qantas Airways Last Sale Price $1.54,
QANIOL,1.80,25/05/12,1:1,.14,.15,.22,,,,
QANSSR,1.00,29/06/12,1:1,.585,.595,.80,,,,
QANSST,1.25,29/06/12,1:1,.355,.365,.165,,,,
QANIRQ,0.80,03/12/12,1:1,.80,.805,,,,,
QANIZR,1.25,03/12/12,1:1,.425,,.555,,,,
QANIZZ,1.25,03/12/12,1:1,.425,,.575,,,,
QANSMA,2.91,28/06/13,1:1,.071,,.205,,,,
QANIOO,1.00,16/12/13,1:1,.91,.92,,,,,
QANSOC,1.54,26/06/14,1:1,.52,.53,.61,,,,
QANSSA,4.19,30/06/14,1:1,.26,,.64,,,,
QANSZA,1.06,30/06/15,1:1,.58,,4.02,,,,
QANSMC,1.79,30/06/15,1:1,.555,,1.50,,,,
QANSSB,3.08,30/06/15,1:1,.385,,1.41,,,,
QANSOE,1.00,23/06/16,1:1,.92,.93,.845,,,,
QANSWG,1.40,30/06/16,1:1,.73,.75,.87,,,,
QANSZB,1.94,30/06/16,1:1,.30,,.315,,,,
QANSWB,2.01,30/06/16,1:1,.05,,,,,,
QANSMX,2.92,30/06/16,1:1,.165,,.64,,,,
QANSZC,4.23,30/06/17,1:1,.54,,.55,,,,
QANSZT,0.80,28/12/17,1:1,.74,,.765,,,,
QANSZU,1.20,04/02/19,1:1,.34,,.405,,,,
QANSRX,0.73,06/08/21,1:1,.805,.81,.90,,,,
QANSRT,0.80,06/08/21,1:1,.74,.745,,,,,
QANSRU,1.20,06/08/21,1:1,.34,.345,.35,,,,
,
QBE Insurance Grp Last Sale Price $11.80,
QBEIOU,12.00,29/03/12,1:1,.94,.95,1.075,,,,
QBEIZJ,13.50,29/03/12,1:1,.285,,.305,,,,
QBEIO1,8.50,11/05/12,1:1,3.74,3.75,2.97,,,,
QBEIOL,15.00,25/05/12,1:1,.60,.61,.635,,,,
QBEIOE,10.00,28/06/12,1:1,2.66,2.67,2.67,,,,
QBEIRZ,10.75,28/06/12,1:1,1.75,1.73,1.90,,,,
QBEISN,15.38,28/06/12,1:1,,,,,,,
QBESOA,16.82,28/06/12,1:1,.275,.285,.545,,,,
QBEISM,18.74,28/06/12,1:1,.485,.915,,,,,
QBESSR,13.12,29/06/12,1:1,.715,.725,.78,-11,127,,
QBESMW,18.72,29/06/12,1:1,.51,,.55,,,,
QBEMMI,22.05,29/06/12,1:1,.885,,3.49,,,,
QBEIOW,7.00,30/08/12,1:1,5.47,5.48,5.61,,,,
QBEISW,7.15,17/09/12,1:1,,,,,,,
QBEIRA,7.50,27/09/12,1:1,4.82,4.80,,,,,
QBEIO2,7.00,07/11/12,1:1,5.95,5.97,6.11,,,,
QBEIOZ,8.50,29/11/12,1:1,4.83,4.84,,,,,
QBEIRQ,7.60,03/12/12,1:1,4.92,4.90,4.42,,,,
QBEIZR,11.00,03/12/12,1:1,2.49,,4.90,,,,
QBEIZZ,11.00,03/12/12,1:1,2.49,,2.35,,,,
QBESOB,9.09,27/06/13,1:1,3.75,3.76,6.29,,,,
QBESMA,16.73,28/06/13,1:1,.455,,.545,,,,
QBEIOO,8.00,16/12/13,1:1,6.39,6.40,6.33,,,,
QBEIOI,11.00,16/12/13,1:1,5.34,5.35,4.90,,,,
QBESOC,8.58,26/06/14,1:1,4.93,4.94,6.00,,,,
QBESSA,20.32,30/06/14,1:1,1.345,,1.705,,,,
QBESOD,13.84,26/06/15,1:1,3.31,3.32,3.45,,,,
QBESZA,1.57,30/06/15,1:1,10.25,,12.83,,,,
QBESMC,10.99,30/06/15,1:1,3.87,,10.09,,,,
QBESSB,13.05,30/06/15,1:1,3.17,,8.00,,,,
QBESOE,7.38,23/06/16,1:1,6.12,6.13,,,,,
QBESOF,9.38,23/06/16,1:1,5.18,5.19,,,,,
QBESWB,6.25,30/06/16,1:1,6.12,,5.21,,,,
QBESWH,7.00,30/06/16,1:1,6.11,6.13,,,,,
QBESWG,9.44,30/06/16,1:1,4.95,4.97,5.04,,,,
QBESMX,10.85,30/06/16,1:1,2.29,,2.44,,,,
QBESWC,11.19,30/06/16,1:1,2.65,,5.39,,,,
QBESZB,12.04,30/06/16,1:1,2.13,,1.72,,,,
QBESWD,19.31,30/06/16,1:1,.06,,.12,,,,
QBESMY,20.63,30/06/17,1:1,.755,,1.135,,,,
QBESZD,10.83,28/06/18,1:1,2.60,,3.08,,,,
QBESMB,17.42,29/06/18,1:1,1.135,,1.625,,,,
QBESZW,8.30,04/02/19,1:1,3.52,,2.23,,,,
QBESRX,5.59,06/08/21,1:1,6.23,6.21,6.35,,,,
QBESRW,8.30,06/08/21,1:1,3.52,3.50,3.85,,,,
,
QR National Last Sale Price $3.73,
QRNSOE,1.76,23/06/16,1:1,2.30,2.31,,,,,
QRNSZX,1.47,04/02/19,1:1,2.25,,1.53,,,,
QRNSRT,1.47,06/08/21,1:1,2.25,2.26,,,,,
QRNSRX,1.54,06/08/21,1:1,2.19,2.20,,,,,
,
Russell High Div Last Sale Price $22.12,
RDVSOZ,12.58,23/06/16,1:1,12.00,12.01,12.51,,,,
,
Ramsay Health Care Last Sale Price $18.58,
RHCSRX,9.58,06/08/21,1:1,8.99,9.00,,,,,
,
Rio Tinto Last Sale Price $69.28,
RIOIOU,50.00,29/03/12,1:1,19.94,19.95,20.00,,,,
RIOIZJ,60.10,29/03/12,1:1,9.94,,9.73,,,,
RIOIO1,39.00,11/05/12,1:1,32.60,32.61,34.83,,,,
RIOIOL,50.00,25/05/12,1:1,21.09,21.10,23.71,,,,
RIOIOM,72.50,25/05/12,1:1,5.79,5.80,6.00,-88,10,,
RIOIOC,48.00,28/06/12,1:1,24.38,24.39,,,,,
RIOSOA,52.15,28/06/12,1:1,19.39,19.40,20.51,,,,
RIOIRZ,55.00,28/06/12,1:1,16.77,16.79,13.50,,,,
RIOIOE,60.00,28/06/12,1:1,14.01,14.02,14.49,,,,
RIOISN,73.09,28/06/12,1:1,,,,,,,
RIOISM,89.68,28/06/12,1:1,3.03,5.12,,,,,
RIOSMW,38.32,29/06/12,1:1,32.30,,30.36,,,,
RIOSSR,43.86,29/06/12,1:1,27.39,27.41,30.73,,,,
RIOSST,52.61,29/06/12,1:1,19.15,19.47,20.95,,,,
RIOSSC,80.96,29/06/12,1:1,1.69,1.70,1.97,,,,
RIOIOW,35.00,30/08/12,1:1,36.34,36.35,33.00,,,,
RIOIRA,37.00,27/09/12,1:1,34.16,34.19,,,,,
RIOIO2,34.00,07/11/12,1:1,38.61,38.62,,,,,
RIOIOZ,38.50,29/11/12,1:1,35.45,35.46,,,,,
RIOIRQ,34.50,03/12/12,1:1,37.12,37.15,37.62,,3,,
RIOIZZ,46.00,03/12/12,1:1,26.45,,27.03,,,,
RIOSOB,52.97,27/06/13,1:1,27.40,27.41,41.64,,,,
RIOSMA,72.40,28/06/13,1:1,7.46,,7.67,,,,
RIOIOO,40.00,16/12/13,1:1,40.20,40.21,37.24,,,,
RIOIOI,55.00,16/12/13,1:1,32.57,32.58,33.30,,,,
RIOSOC,36.55,26/06/14,1:1,39.70,39.71,49.13,,,,
RIOSSA,49.66,30/06/14,1:1,27.60,,26.77,,,,
RIOSOD,45.23,26/06/15,1:1,35.08,35.09,47.33,,,,
RIOSZA,1.99,30/06/15,1:1,65.80,,58.91,,,,
RIOSMC,39.95,30/06/15,1:1,38.34,,36.70,,,,
RIOSOE,37.00,23/06/16,1:1,40.98,40.99,37.42,,,,
RIOSOF,45.50,23/06/16,1:1,37.29,37.30,34.22,,,,
RIOSWB,23.34,30/06/16,1:1,47.03,,42.41,,,,
RIOSWH,33.00,30/06/16,1:1,45.02,45.03,,,,,
RIOSWG,45.17,30/06/16,1:1,37.63,37.65,39.20,,,,
RIOSMX,45.57,30/06/16,1:1,23.90,,26.12,,,,
RIOSZB,46.26,30/06/16,1:1,27.06,,29.34,,,,
RIOSWC,56.18,30/06/16,1:1,20.36,,,,,,
RIOSWD,78.80,30/06/16,1:1,13.24,,23.87,,,,
RIOSMY,44.03,30/06/17,1:1,25.51,,22.73,,,,
RIOSMB,72.40,29/06/18,1:1,16.31,,24.15,,,,
RIOSZX,3.39,04/02/19,1:1,65.87,,83.70,,,,
RIOSZW,30.32,04/02/19,1:1,38.94,,40.81,,,,
RIOSZU,35.11,04/02/19,1:1,34.15,,37.05,,,,
RIOSZV,41.50,04/02/19,1:1,27.76,,27.99,-111,15,,
RIOSRT,3.39,06/08/21,1:1,65.87,65.90,,,,,
RIOSRW,30.32,06/08/21,1:1,38.94,38.97,39.59,,,,
RIOSRX,33.74,06/08/21,1:1,35.52,35.55,33.12,,,,
RIOSRU,35.11,06/08/21,1:1,34.15,34.18,35.00,+40,5,,
RIOSRV,41.50,06/08/21,1:1,27.76,27.79,28.00,-96,23,,
,
ResMed Inc Last Sale Price $2.76,
RMDSZX,1.91,04/02/19,1:1,.835,,.58,,,,
RMDSRX,1.29,06/08/21,1:1,1.46,1.475,,,,,
RMDSRT,1.91,06/08/21,1:1,.84,.855,,,,,
,
Seek Last Sale Price $5.45,
SEKSMA,4.20,28/06/13,1:1,1.365,,3.00,,,,
,
SPDR 50 Fund Last Sale Price $40.80,
SFYIOL,24.50,25/05/12,1:1,16.88,16.89,17.23,,,,
SFYIRA,23.10,29/06/12,1:1,18.18,18.36,,,,,
SFYIZ1,23.10,29/06/12,1:1,18.13,,18.10,,,,
SFYSOE,17.29,23/06/16,1:1,26.28,26.29,,,,,
SFYSZX,18.17,04/02/19,1:1,22.54,,22.56,,,,
SFYSZW,23.40,04/02/19,1:1,17.31,,16.00,,,,
SFYSOX,22.10,19/11/20,1:1,18.68,,,,,,
SFYSRX,17.87,06/08/21,1:1,22.84,22.97,22.91,,,,
SFYSRT,18.17,06/08/21,1:1,22.54,22.67,,,,,
SFYSRW,23.40,06/08/21,1:1,17.31,17.44,17.40,,,,
,
Stockland Last Sale Price $3.18,
SGPSOA,4.74,28/06/12,1:1,.11,.12,3.45,,,,
SGPSSU,2.48,29/06/12,1:1,.805,,,,,,
SGPSMW,5.45,29/06/12,1:1,.145,,.18,,,,
SGPISW,1.71,17/09/12,1:1,,,,,,,
SGPSMA,4.08,28/06/13,1:1,.105,,.325,,,,
SGPSMY,5.84,30/06/17,1:1,.165,,.935,,,,
SGPSMB,4.78,29/06/18,1:1,.235,,2.24,,,,
SGPSZU,1.79,04/02/19,1:1,1.39,,1.585,,,,
SGPSRX,1.14,06/08/21,1:1,2.03,2.04,2.12,,,,
SGPSRU,1.78,06/08/21,1:1,1.395,1.40,1.36,,,,
,
Singapore Tel Last Sale Price $2.29,
SGTSMA,1.81,28/06/13,1:1,.545,,.715,,,,
,
Sonic Healthcare Last Sale Price $11.19,
SHLIRQ,6.00,03/12/12,1:1,5.57,5.61,,,,,
SHLIZR,7.50,03/12/12,1:1,4.12,,4.90,,,,
SHLIZZ,7.50,03/12/12,1:1,4.12,,4.75,,,,
SHLSMA,9.76,28/06/13,1:1,1.89,,2.48,,,,
SHLSMC,7.30,30/06/15,1:1,5.26,,6.37,,,,
SHLSWC,5.37,30/06/16,1:1,6.04,,6.45,,,,
SHLSWG,6.40,30/06/16,1:1,6.31,6.32,6.87,,,,
SHLSZB,10.04,30/06/16,1:1,1.96,,3.63,,,,
SHLSZX,5.80,04/02/19,1:1,5.35,,5.28,,,,
SHLSZW,7.83,04/02/19,1:1,3.32,,4.22,,,,
SHLSRX,5.00,06/08/21,1:1,6.16,6.20,,,,,
SHLSRT,5.80,06/08/21,1:1,5.35,5.39,,,,,
SHLSRW,7.83,06/08/21,1:1,3.32,3.36,,,,,
,
Spark Infrastructure Last Sale Price $1.37,
SKIJR2,0.80,24/07/12,1:1,.565,.57,,,,,
SKISZX,0.53,04/02/19,1:1,.835,,.79,,,,
SKISRT,0.53,06/08/21,1:1,.835,.84,,,,,
SKISRX,0.55,06/08/21,1:1,.82,.825,.825,,,,
,
SPDR Prop Fund Last Sale Price $7.50,
SLFIOL,4.00,25/05/12,1:1,3.67,3.68,3.56,,,,
SLFSOA,13.16,28/06/12,1:1,.235,.245,2.23,,,,
SLFSMW,14.98,29/06/12,1:1,.11,,.61,,,,
SLFSMA,10.37,28/06/13,1:1,.225,,.83,,,,
SLFSZB,9.57,30/06/16,1:1,.99,,1.915,,,,
SLFSZX,3.22,04/02/19,1:1,4.29,,4.23,,,,
SLFSZW,4.45,04/02/19,1:1,3.07,,2.80,,,,
SLFSOX,4.07,19/11/20,1:1,3.47,,,,,,
SLFSRX,3.01,06/08/21,1:1,4.50,4.54,,,,,
SLFSRT,3.22,06/08/21,1:1,4.29,4.28,,,,,
SLFSRY,3.50,06/08/21,1:1,4.01,,,,,,
SLFSRW,4.45,06/08/21,1:1,3.07,3.11,3.13,,,,
,
iShares S&P 500 etf,
SP5SZ5,119.07,29/06/12,1:1,17.78,,,,,,
SP5SZ3,132.19,29/06/12,1:1,7.74,,5.26,,,,
SP5SZ4,132.19,29/06/12,1:1,8.62,,,,,,
SP5SZ1,137.99,29/06/12,1:1,3.94,,5.54,,,,
SP5SRX,59.30,06/08/21,1:1,60.76,60.83,,,,,
,
Santos Last Sale Price $13.79,
STOIOU,10.00,29/03/12,1:1,3.95,3.96,3.90,-17,5,,
STOIOL,12.50,25/05/12,1:1,2.14,2.15,2.06,,,,
STOSOA,7.45,28/06/12,1:1,6.58,6.59,6.71,,,,
STOIOE,8.00,28/06/12,1:1,6.14,6.15,5.79,,,,
STOIRZ,9.00,28/06/12,1:1,5.12,5.10,5.02,,,,
STOISN,13.95,28/06/12,1:1,,,,,,,
STOISM,14.52,28/06/12,1:1,1.80,2.13,,,,,
STOSSR,6.70,29/06/12,1:1,7.42,7.43,6.37,,,,
STOSST,9.71,29/06/12,1:1,4.55,4.56,4.17,,,,
STOIOW,6.00,30/08/12,1:1,8.16,8.17,8.22,,,,
STOIRA,6.25,27/09/12,1:1,7.86,7.84,7.11,,,,
STOIOZ,7.50,29/11/12,1:1,7.19,7.20,,,,,
STOIRQ,6.75,03/12/12,1:1,7.55,7.53,7.34,,,,
STOIZZ,9.00,03/12/12,1:1,5.45,,5.40,,,,
STOSOB,10.19,27/06/13,1:1,5.18,5.19,6.23,,,,
STOSMA,6.74,28/06/13,1:1,7.30,,7.88,,,,
STOIOO,8.00,16/12/13,1:1,7.93,7.94,,,,,
STOIOI,10.00,16/12/13,1:1,6.83,6.84,,,,,
STOSOC,6.59,26/06/14,1:1,7.95,7.96,5.83,,,,
STOSOD,8.72,26/06/15,1:1,7.15,7.16,9.93,,,,
STOSZA,2.60,30/06/15,1:1,11.23,,12.21,,,,
STOSMC,8.36,30/06/15,1:1,7.09,,7.09,,,,
STOSOE,6.35,23/06/16,1:1,8.72,8.73,6.60,,,,
STOSWB,5.91,30/06/16,1:1,8.28,,7.12,,,,
STOSZB,6.63,30/06/16,1:1,7.39,,6.32,,,,
STOSWG,7.23,30/06/16,1:1,8.20,8.22,7.90,,,,
STOSZW,6.69,04/02/19,1:1,7.13,,4.68,,,,
STOSZX,8.47,04/02/19,1:1,5.34,,4.95,,,,
STOSRX,5.39,06/08/21,1:1,8.42,8.40,,,,,
STOSRW,6.69,06/08/21,1:1,7.13,7.11,6.93,,,,
STOSRT,8.47,06/08/21,1:1,5.34,5.32,4.03,,,,
,
SPDR 200 Fund Last Sale Price $39.60,
STWIO1,22.00,11/05/12,1:1,18.26,18.27,20.53,,,,
STWIOM,24.00,25/05/12,1:1,16.19,16.20,16.57,,,,
STWIRZ,30.75,28/06/12,1:1,10.05,10.08,,,,,
STWSOA,36.33,28/06/12,1:1,5.24,5.25,5.46,,,,
STWSSR,20.12,29/06/12,1:1,19.75,,19.55,,,,
STWSST,30.76,29/06/12,1:1,10.37,,,,,,
STWSMW,33.96,29/06/12,1:1,6.71,,6.95,,,,
STWSZ5,38.77,29/06/12,1:1,2.93,,,,,,
STWSSC,42.92,29/06/12,1:1,1.555,,4.19,,,,
STWSZ3,43.01,29/06/12,1:1,1.255,,1.89,,,,
STWSZ4,43.01,29/06/12,1:1,1.41,,,,,,
STWMMI,46.81,29/06/12,1:1,2.15,,1.445,,,,
STWIRA,21.00,27/09/12,1:1,19.53,19.57,,,,,
STWIO2,20.00,07/11/12,1:1,21.55,21.56,,,,,
STWIRQ,21.80,03/12/12,1:1,19.21,19.25,20.75,,,,
STWIZW,26.00,03/12/12,1:1,15.09,,15.05,,,,
STWSMA,31.16,28/06/13,1:1,9.88,,14.52,,,,
STWSOC,15.26,26/06/14,1:1,25.07,25.08,23.98,,,,
STWSOD,26.00,26/06/15,1:1,18.26,18.27,17.86,,,,
STWSOE,18.44,23/06/16,1:1,23.81,23.82,23.71,,,,
STWSOF,22.44,23/06/16,1:1,21.37,21.38,,,,,
STWSWI,15.94,30/06/16,1:1,26.23,26.27,,,,,
STWSWB,18.93,30/06/16,1:1,21.34,,19.81,,,,
STWSWH,18.94,30/06/16,1:1,24.31,24.35,23.60,,,,
STWSWC,24.29,30/06/16,1:1,16.81,,18.32,,,,
STWSWG,24.83,30/06/16,1:1,19.67,19.70,19.94,+2,4,,
STWSZB,27.21,30/06/16,1:1,13.50,,14.19,,,,
STWSWD,31.59,30/06/16,1:1,11.74,,11.99,,,,
STWSZC,40.97,30/06/17,1:1,7.50,,12.46,,,,
STWSZX,16.55,04/02/19,1:1,23.02,,21.87,,,,
STWSZU,20.80,04/02/19,1:1,18.76,,17.27,,,,
STWSZW,25.95,04/02/19,1:1,13.62,,13.70,,,,
STWSOX,22.87,19/11/20,1:1,16.68,,19.30,,,,
STWSRT,16.55,06/08/21,1:1,23.02,23.06,,,,,
STWSRX,17.40,06/08/21,1:1,22.17,22.21,22.62,,,,
STWSRY,19.66,06/08/21,1:1,19.90,,,,,,
STWSRU,20.80,06/08/21,1:1,18.76,18.80,17.79,,,,
STWSRW,25.95,06/08/21,1:1,13.62,13.66,13.77,,,,
,
Suncorp Grp Last Sale Price $8.30,
SUNIOM,4.50,25/05/12,1:1,3.93,3.94,4.06,,,,
SUNIRZ,6.00,28/06/12,1:1,2.53,2.55,2.92,,,,
SUNISM,8.81,28/06/12,1:1,1.405,1.615,,,,,
SUNISN,9.35,28/06/12,1:1,,,,,,,
SUNSOA,13.04,28/06/12,1:1,.16,.17,.185,,,,
SUNSSR,3.06,29/06/12,1:1,5.37,5.38,5.13,,,,
SUNSST,5.08,29/06/12,1:1,3.43,3.44,,,,,
SUNJR1,5.85,24/07/12,1:1,2.44,2.45,,,,,
SUNIOW,3.50,30/08/12,1:1,4.99,5.00,4.99,,,,
SUNIRA,4.25,27/09/12,1:1,4.26,4.28,,,,,
SUNIOZ,5.00,29/11/12,1:1,3.91,3.92,,,,,
SUNIRQ,4.50,03/12/12,1:1,4.13,4.15,,,,,
SUNIZR,5.00,03/12/12,1:1,3.62,,4.19,,,,
SUNIZW,5.00,03/12/12,1:1,3.62,,,,,,
SUNIZZ,5.00,03/12/12,1:1,3.62,,4.03,,,,
SUNSOB,6.45,27/06/13,1:1,2.83,2.84,3.41,,,,
SUNSMA,8.89,28/06/13,1:1,.695,,.91,,,,
SUNIOO,5.00,16/12/13,1:1,4.68,4.69,4.75,,,,
SUNIOI,7.00,16/12/13,1:1,3.72,3.73,,,,,
SUNSOC,3.93,26/06/14,1:1,4.79,4.80,4.47,,,,
SUNSSA,12.74,30/06/14,1:1,.92,,1.11,,,,
SUNSMC,4.64,30/06/15,1:1,4.43,,,,,,
SUNSZA,5.98,30/06/15,1:1,2.64,,2.91,,,,
SUNSSB,8.36,30/06/15,1:1,2.19,,2.34,,,,
SUNSOE,3.80,23/06/16,1:1,5.15,5.16,5.36,,,,
SUNSWG,4.49,30/06/16,1:1,4.82,4.84,4.95,,,,
SUNSWB,8.93,30/06/16,1:1,1.32,,1.40,,,,
SUNSZB,11.01,30/06/16,1:1,1.10,,1.195,,,,
SUNSWC,12.23,30/06/16,1:1,.55,,.66,,,,
SUNSMX,15.08,30/06/16,1:1,.415,,.685,,,,
SUNSWD,15.47,30/06/16,1:1,.285,,.30,,,,
SUNSZC,8.25,30/06/17,1:1,1.475,,.04,,,,
SUNSZD,7.88,28/06/18,1:1,1.655,,3.22,,,,
SUNSMB,9.59,29/06/18,1:1,1.255,,2.67,,,,
SUNSZX,2.60,04/02/19,1:1,5.68,,5.85,,,,
SUNSZW,4.19,04/02/19,1:1,4.10,,4.29,,,,
SUNSRT,2.60,06/08/21,1:1,5.68,5.70,,,,,
SUNSRX,3.03,06/08/21,1:1,5.25,5.27,,,,,
SUNSRW,4.19,06/08/21,1:1,4.10,4.12,,,,,
,
Seven West Media Last Sale Price $3.52,
SWMJR2,2.21,24/07/12,1:1,1.32,1.315,,,,,
SWMSZW,1.48,28/12/17,1:1,2.04,,1.74,,,,
SWMSRX,1.04,06/08/21,1:1,2.49,2.49,1.75,,,,
SWMSRW,1.48,06/08/21,1:1,2.04,2.04,2.16,,,,
,
Sydney Airport Last Sale Price $2.65,
SYDSOA,0.89,28/06/12,1:1,1.775,1.785,1.495,,,,
SYDSSR,1.60,29/06/12,1:1,2.16,2.17,2.91,,,,
SYDIRQ,0.87,03/12/12,1:1,1.815,1.83,,,,,
SYDIZR,0.92,03/12/12,1:1,1.765,,,,,,
SYDIZZ,0.92,03/12/12,1:1,1.765,,1.86,,,,
SYDSMA,1.04,28/06/13,1:1,1.66,,,,,,
SYDIOO,2.00,16/12/13,1:1,1.27,1.28,,,,,
SYDSSB,0.28,30/06/15,1:1,1.88,,1.355,,,,
SYDSOE,0.78,23/06/16,1:1,1.965,1.975,1.85,,,,
SYDSZB,0.08,30/06/16,1:1,2.45,,2.49,,,,
SYDSMX,0.11,30/06/16,1:1,2.55,,1.555,,,,
SYDSZC,1.13,30/06/17,1:1,1.435,,1.585,,,,
SYDSZW,0.55,04/02/19,1:1,2.09,,2.16,,,,
SYDSRX,0.55,06/08/21,1:1,2.09,2.11,,,,,
SYDSRT,0.71,06/08/21,1:1,1.925,1.94,,,,,
SYDSRW,1.21,06/08/21,1:1,1.425,1.44,,,,,
,
SPDR MSCI Aus Sel HDY Last Sale Price $22.13,
SYISZX,12.10,04/02/19,1:1,10.00,,12.94,,,,
SYISOX,12.37,19/11/20,1:1,9.75,,10.73,,,,
SYISRX,9.29,06/08/21,1:1,12.81,12.90,,,,,
SYISRT,12.10,06/08/21,1:1,10.00,10.09,,,,,
,
TAH EGP Options,
TA8SSR,2.37,29/06/12,1:1,3.90,3.91,4.28,,,,
TA8SSA,8.72,30/06/14,1:1,.615,,,,,,
,
Tabcorp Hldgs Last Sale Price $2.75,
TAHIOF,1.75,28/06/12,1:1,1.065,1.075,1.095,-14,500,,
TAHSST,2.04,29/06/12,1:1,.67,.68,,,,,
TAHSMW,5.86,29/06/12,1:1,.155,,.19,,,,
TAHIZZ,0.58,03/12/12,1:1,2.17,2.20,2.37,,,,
TAHSMA,2.51,28/06/13,1:1,.44,,1.13,,,,
TAHSZA,0.93,30/06/15,1:1,1.84,,1.84,,,,
TAHSOE,1.18,23/06/16,1:1,1.675,1.685,1.69,,,,
TAHSWB,1.30,30/06/16,1:1,1.60,,1.56,,,,
TAHSWD,4.27,30/06/16,1:1,.085,,.10,,,,
TAHSMX,5.27,30/06/16,1:1,.14,,.295,,,,
TAHSZB,6.51,30/06/16,1:1,,,.625,,,,
TAHSMY,7.00,30/06/17,1:1,.185,,.60,,,,
TAHSMB,2.86,29/06/18,1:1,.39,,,,,,
TAHSZX,1.01,04/02/19,1:1,1.72,,1.37,,,,
TAHSZW,1.58,04/02/19,1:1,1.145,,1.145,,,,
TAHSRT,1.01,06/08/21,1:1,1.72,1.745,1.765,,,,
TAHSRX,1.31,06/08/21,1:1,1.415,1.44,1.515,,,,
TAHSRW,1.58,06/08/21,1:1,1.145,1.17,1.05,,,,
,
Transurban Grp Last Sale Price $5.61,
TCLSOA,4.28,28/06/12,1:1,1.515,1.525,1.74,,,,
TCLSSR,1.74,29/06/12,1:1,3.94,3.95,3.90,,,,
TCLSST,3.56,29/06/12,1:1,2.20,2.21,,,,,
TCLMMI,4.49,29/06/12,1:1,1.09,,,,,,
TCLSMW,4.97,29/06/12,1:1,.79,,.77,,,,
TCLIRQ,2.70,03/12/12,1:1,3.05,3.07,,,,,
TCLSMA,3.80,28/06/13,1:1,1.945,,1.865,,,,
TCLSZA,1.85,30/06/15,1:1,3.74,,2.96,,,,
TCLSOE,2.36,23/06/16,1:1,3.46,3.47,,,,,
TCLSWB,2.36,30/06/16,1:1,3.29,,3.05,,,,
TCLSWG,2.72,30/06/16,1:1,3.42,3.44,3.27,,,,
TCLSZB,3.12,30/06/16,1:1,2.41,,2.22,,,,
TCLSMX,3.91,30/06/16,1:1,1.82,,1.78,,,,
TCLSMY,5.35,30/06/17,1:1,1.005,,.95,,,,
TCLSMB,4.15,29/06/18,1:1,1.61,,2.91,,,,
TCLSZX,1.85,04/02/19,1:1,3.74,,2.14,,,,
TCLSZW,2.92,04/02/19,1:1,2.67,,1.925,,,,
TCLSRT,1.85,06/08/21,1:1,3.74,3.76,,,,,
TCLSRX,2.18,06/08/21,1:1,3.41,3.43,,,,,
TCLSRW,2.92,06/08/21,1:1,2.67,2.69,,,,,
,
Ten Network Hldgs Last Sale Price $0.89,
TENSWB,1.82,30/06/16,1:1,.125,,.14,,,,
,
Telstra Corp Last Sale Price $3.41,
TLSISX,3.00,22/03/12,1:1,.47,.475,.46,,,,
TLSISY,3.20,22/03/12,1:1,,,,,,,
TLSIOU,2.00,29/03/12,1:1,1.435,1.445,1.475,,,,
TLSIZJ,2.27,29/03/12,1:1,1.155,,1.18,,,,
TLSIO1,1.30,11/05/12,1:1,2.04,2.05,2.05,,,,
TLSIOL,2.00,25/05/12,1:1,1.47,1.48,1.43,,,,
TLSIOM,2.50,25/05/12,1:1,.99,1.00,.965,,,,
TLSJR1,2.24,15/06/12,1:1,1.17,1.175,1.17,,,,
TLSIOE,1.50,28/06/12,1:1,1.975,1.985,1.885,,,,
TLSIOF,2.00,28/06/12,1:1,1.49,1.50,1.52,,,,
TLSSOA,2.05,28/06/12,1:1,1.41,1.42,1.45,,,,
TLSIRZ,2.25,28/06/12,1:1,1.215,1.22,1.235,+2.5,100,,
TLSISM,3.18,28/06/12,1:1,.655,.755,.75,,,,
TLSISN,3.38,28/06/12,1:1,,,,,,,
TLSSMW,1.21,29/06/12,1:1,2.24,,2.17,,,,
TLSSSR,1.63,29/06/12,1:1,1.85,1.86,1.85,,,,
TLSSSC,3.01,29/06/12,1:1,.435,.445,.45,,,,
TLSIOW,1.50,30/08/12,1:1,2.00,2.01,2.01,,,,
TLSISW,1.60,17/09/12,1:1,1.87,1.875,1.855,,,,
TLSISU,3.30,24/09/12,1:1,.46,.48,.475,,7384,,
TLSISV,3.45,24/09/12,1:1,.425,.43,.43,,100,,
TLSIRA,1.75,27/09/12,1:1,1.73,1.735,1.73,,,,
TLSIO2,1.50,07/11/12,1:1,1.965,1.975,1.97,,,,
TLSIOZ,2.00,29/11/12,1:1,1.59,1.60,1.575,,,,
TLSIRQ,1.70,03/12/12,1:1,1.805,1.81,1.81,,,,
TLSIRR,1.70,03/12/12,1:1,1.805,1.81,1.77,,,,
TLSIZM,1.75,03/12/12,1:1,1.745,,1.74,,,,
TLSIZW,1.75,03/12/12,1:1,1.745,,1.555,,,,
TLSIZY,1.75,03/12/12,1:1,1.745,,1.55,,,,
TLSIZZ,1.75,03/12/12,1:1,1.745,,1.77,,,,
TLSSOB,1.45,27/06/13,1:1,1.99,2.00,1.80,,,,
TLSSMA,2.11,28/06/13,1:1,1.39,,.97,,,,
TLSIOO,2.00,16/12/13,1:1,1.88,1.89,1.90,,,,
TLSIOI,2.50,16/12/13,1:1,1.59,1.60,1.615,,,,
TLSSOC,1.31,26/06/14,1:1,2.14,2.15,1.575,,,,
TLSSSA,2.38,30/06/14,1:1,1.20,,1.22,,,,
TLSSOD,1.77,26/06/15,1:1,1.755,1.765,1.535,,,,
TLSSSB,1.16,30/06/15,1:1,2.30,,1.87,,,,
TLSSZA,1.21,30/06/15,1:1,2.22,,2.10,,,,
TLSSMC,1.44,30/06/15,1:1,2.06,,1.82,,,,
TLSSOE,1.26,23/06/16,1:1,2.19,2.20,2.19,,,,
TLSSOF,1.56,23/06/16,1:1,1.93,1.94,1.96,,,,
TLSSWB,0.84,30/06/16,1:1,2.65,,2.39,,,,
TLSSWG,1.33,30/06/16,1:1,2.24,2.26,2.17,,,,
TLSSWD,2.09,30/06/16,1:1,1.34,,1.14,,,,
TLSSMX,2.11,30/06/16,1:1,1.39,,1.36,,,,
TLSSZZ,2.18,30/06/17,1:1,1.28,,1.015,,,,
TLSSZM,2.26,30/06/17,1:1,1.20,,1.225,,,,
TLSSZW,1.33,04/02/19,1:1,2.08,,2.00,,,,
TLSSZX,1.62,04/02/19,1:1,1.79,,1.815,,,,
TLSSRX,1.29,06/08/21,1:1,2.12,2.13,2.01,,,,
TLSSRW,1.33,06/08/21,1:1,2.08,2.09,2.01,,,,
TLSSRT,1.62,06/08/21,1:1,1.79,1.795,1.80,,,,
,
Toll Hldgs Last Sale Price $5.10,
TOLIOU,3.50,29/03/12,1:1,1.655,1.665,1.425,,,,
TOLIOE,3.00,28/06/12,1:1,2.21,2.22,1.81,,,,
TOLSOA,9.25,28/06/12,1:1,.12,.13,.19,,,,
TOLSSR,3.91,29/06/12,1:1,1.36,1.37,.89,,,,
TOLMMI,5.74,29/06/12,1:1,.525,,,,,,
TOLSM1,9.95,29/06/12,1:1,.265,,.275,,,,
TOLIRQ,2.60,03/12/12,1:1,2.67,2.69,,,,,
TOLIZR,3.50,03/12/12,1:1,1.84,,,,,,
TOLIZW,3.50,03/12/12,1:1,1.84,,,,,,
TOLIZZ,3.50,03/12/12,1:1,1.84,,1.48,,,,
TOLSOB,2.07,27/06/13,1:1,3.11,3.12,4.29,,,,
TOLSMZ,3.77,28/06/13,1:1,1.455,,1.26,,,,
TOLSMA,6.36,28/06/13,1:1,.36,,.375,,,,
TOLIOO,3.00,16/12/13,1:1,2.98,2.99,,,,,
TOLSOC,2.39,26/06/14,1:1,2.97,2.98,2.88,,,,
TOLSSA,8.05,30/06/14,1:1,.615,,1.05,,,,
TOLSOD,5.40,26/06/15,1:1,1.835,1.845,2.73,,,,
TOLSOE,2.37,23/06/16,1:1,3.16,3.17,,,,,
TOLSWG,2.97,30/06/16,1:1,2.86,2.88,,,,,
TOLSWF,3.27,30/06/16,1:1,2.11,,1.96,,,,
TOLSWE,8.01,30/06/16,1:1,.25,,.25,,,,
TOLSMY,0.39,30/06/17,1:1,4.72,,4.57,,,,
TOLSZC,8.81,30/06/17,1:1,1.06,,1.66,,,,
TOLSM2,11.02,30/06/17,1:1,.485,,1.035,,,,
TOLSZD,3.93,28/06/18,1:1,1.60,,,,,,
TOLSMB,7.06,29/06/18,1:1,.935,,1.435,,,,
TOLSZX,2.70,04/02/19,1:1,2.39,,2.14,,,,
TOLSZU,3.33,04/02/19,1:1,1.76,,1.625,,,,
TOLSRX,1.79,06/08/21,1:1,3.30,3.32,3.05,,,,
TOLSRT,2.70,06/08/21,1:1,2.39,2.41,2.08,,,,
TOLSRU,3.33,06/08/21,1:1,1.76,1.775,,,,,
,
Transpacific Indust Last Sale Price $0.82,
TPISMA,5.16,28/06/13,1:1,.135,,4.97,,,,
,
Tatts Grp Last Sale Price $2.50,
TTSIOF,1.50,28/06/12,1:1,1.085,1.095,1.075,,,,
TTSSSR,1.25,29/06/12,1:1,1.305,1.315,1.145,,,,
TTSSMW,2.45,29/06/12,1:1,.165,,.15,,,,
TTSSMA,2.11,28/06/13,1:1,.48,,.33,,,,
TTSIOO,1.50,16/12/13,1:1,1.45,1.46,,,,,
TTSSSB,1.10,30/06/15,1:1,1.465,,1.16,,,,
TTSSZX,1.23,04/02/19,1:1,1.265,,1.205,,,,
TTSSRX,0.92,06/08/21,1:1,1.575,1.58,,,,,
TTSSRT,1.23,06/08/21,1:1,1.265,1.27,,,,,
,
UGL Last Sale Price $13.21,
UGLSMA,8.01,28/06/13,1:1,5.57,,5.01,,,,
UGLSSB,7.76,30/06/15,1:1,6.02,,8.04,,,,
UGLSWB,6.03,30/06/16,1:1,7.78,,8.16,,,,
UGLSWG,6.62,30/06/16,1:1,7.55,7.57,,,,,
UGLSMB,8.71,29/06/18,1:1,4.89,,6.46,,,,
UGLSZX,4.29,04/02/19,1:1,8.94,,9.02,,,,
UGLSZV,6.93,04/02/19,1:1,6.29,,,,,,
UGLSZW,8.44,04/02/19,1:1,4.79,,4.44,,,,
UGLSRT,4.29,06/08/21,1:1,8.94,8.93,,,,,
UGLSRX,5.48,06/08/21,1:1,7.75,7.74,6.40,,,,
UGLSRV,6.93,06/08/21,1:1,6.29,6.28,5.17,,,,
UGLSRW,8.44,06/08/21,1:1,4.79,4.78,5.03,,,,
,
Westpac Banking Last Sale Price $20.90,
WBCJR1,14.10,22/02/12,1:1,6.78,6.81,6.96,,,,
WBCIOU,14.50,29/03/12,1:1,6.52,6.53,6.94,,,,
WBCIZJ,17.13,29/03/12,1:1,3.91,,4.20,,,,
WBCIO1,11.00,11/05/12,1:1,10.32,10.33,10.70,,,,
WBCIOL,20.00,25/05/12,1:1,2.55,2.56,2.53,-6,11,,
WBCIOE,12.00,28/06/12,1:1,9.30,9.31,9.64,,,,
WBCSOA,13.30,28/06/12,1:1,7.85,7.86,8.17,,,,
WBCSOY,13.61,28/06/12,1:1,7.77,7.78,9.28,,,,
WBCIOF,16.00,28/06/12,1:1,5.58,5.59,6.05,,,,
WBCISM,24.00,28/06/12,1:1,3.28,3.82,,,,,
WBCSSR,5.10,29/06/12,1:1,16.02,16.03,15.67,,,,
WBCSMW,12.75,29/06/12,1:1,8.55,9.00,8.56,-19,25,,
WBCSSS,13.40,29/06/12,1:1,8.10,8.11,8.18,,,,
WBCSST,16.76,29/06/12,1:1,5.03,5.04,5.28,,,,
WBCMMI,19.94,29/06/12,1:1,2.65,,1.09,,,,
WBCSSC,22.13,29/06/12,1:1,.97,.98,1.285,,,,
WBCIOW,10.00,30/08/12,1:1,11.46,11.47,11.80,,,,
WBCISW,10.79,17/09/12,1:1,,,,,,,
WBCIO2,11.00,07/11/12,1:1,11.36,11.37,,,,,
WBCIOZ,13.00,29/11/12,1:1,9.77,9.78,10.50,,,,
WBCIRP,12.00,03/12/12,1:1,9.91,9.94,,,,,
WBCIRQ,12.00,03/12/12,1:1,9.91,9.94,9.89,-3,30,,
WBCIZM,14.00,03/12/12,1:1,7.94,,8.27,,,,
WBCIZR,14.00,03/12/12,1:1,7.94,,8.30,,,,
WBCIZW,14.00,03/12/12,1:1,7.94,,9.04,,,,
WBCIZZ,14.00,03/12/12,1:1,7.94,,7.89,,,,
WBCSOZ,6.97,27/06/13,1:1,14.18,14.19,13.85,,,,
WBCSOB,7.38,27/06/13,1:1,13.68,13.69,13.40,,,,
WBCSMZ,10.77,28/06/13,1:1,10.56,,13.14,,,,
WBCSMA,13.56,28/06/13,1:1,7.82,,8.38,,,,
WBCIOO,13.00,16/12/13,1:1,11.92,11.93,12.20,,,,
WBCIOI,17.00,16/12/13,1:1,10.05,10.06,,,,,
WBCSOC,5.72,26/06/14,1:1,15.38,15.39,18.11,,,,
WBCSS2,13.03,30/06/14,1:1,8.76,,12.67,,,,
WBCSSA,14.24,30/06/14,1:1,7.86,,8.46,,,,
WBCSOD,14.63,26/06/15,1:1,8.86,8.87,9.10,,,,
WBCSZM,2.54,30/06/15,1:1,18.38,,18.15,,,,
WBCSWM,3.35,30/06/15,1:1,17.76,,17.57,,,,
WBCSZA,3.94,30/06/15,1:1,17.01,,16.75,,,,
WBCSSB,11.77,30/06/15,1:1,10.28,,9.69,,,,
WBCSMC,13.41,30/06/15,1:1,9.48,,9.82,,,,
WBCSOE,9.20,23/06/16,1:1,12.67,12.68,12.63,,,,
WBCSOF,11.70,23/06/16,1:1,11.19,11.20,11.06,,,,
WBCSWB,7.23,30/06/16,1:1,13.98,,15.50,,,,
WBCSZZ,9.98,30/06/16,1:1,11.13,,11.11,,,,
WBCSZB,11.07,30/06/16,1:1,10.11,,9.98,,,,
WBCSMX,13.13,30/06/16,1:1,8.20,,8.11,,,,
WBCSWD,15.86,30/06/16,1:1,6.11,,5.93,,,,
WBCSMY,14.65,30/06/17,1:1,6.71,,6.32,,,,
WBCSZC,17.39,30/06/17,1:1,4.98,,8.18,,,,
WBCSZD,9.25,28/06/18,1:1,11.84,,11.51,,,,
WBCSMB,14.25,29/06/18,1:1,7.18,,7.54,,,,
WBCSZX,5.73,04/02/19,1:1,15.15,,14.82,,,,
WBCSZW,8.63,04/02/19,1:1,12.24,,12.15,,,,
WBCSZU,11.01,04/02/19,1:1,9.87,,9.38,,,,
WBCSZV,13.43,04/02/19,1:1,7.44,,7.75,,,,
WBCSRT,5.73,06/08/21,1:1,15.15,15.18,,,,,
WBCSRW,8.63,06/08/21,1:1,12.24,12.27,12.94,,,,
WBCSRX,8.86,06/08/21,1:1,12.01,12.04,12.08,,,,
WBCSRU,11.01,06/08/21,1:1,9.87,9.90,9.40,,,,
WBCSRV,13.43,06/08/21,1:1,7.44,7.47,7.60,,,,
,
Westfield Grp Last Sale Price $8.37,
WDCIOL,7.00,25/05/12,1:1,1.665,1.675,1.90,,,,
WDCJR1,6.10,15/06/12,1:1,2.28,2.28,2.68,,,,
WDCIRZ,6.00,28/06/12,1:1,2.59,2.60,2.56,,,,
WDCSOA,7.64,28/06/12,1:1,1.32,1.33,1.07,,,,
WDCISN,8.22,28/06/12,1:1,,,,,,,
WDCISM,9.54,28/06/12,1:1,1.04,1.26,,,,,
WDCSSR,2.72,29/06/12,1:1,5.56,5.57,4.90,,,,
WDCSSU,6.01,29/06/12,1:1,2.40,,,,,,
WDCSST,6.01,29/06/12,1:1,2.41,2.42,1.87,,,,
WDCSMW,10.73,29/06/12,1:1,.29,,.43,,,,
WDCIOW,3.50,30/08/12,1:1,5.08,5.09,4.67,,,,
WDCISW,4.15,17/09/12,1:1,,,,,,,
WDCIRA,4.25,27/09/12,1:1,4.34,4.34,,,,,
WDCIRQ,4.00,03/12/12,1:1,4.64,4.64,4.74,,,,
WDCIZZ,5.00,03/12/12,1:1,3.69,,3.74,,,,
WDCSMA,7.14,28/06/13,1:1,1.635,,1.415,,,,
WDCIOO,4.50,16/12/13,1:1,5.11,5.12,,,,,
WDCIOI,6.50,16/12/13,1:1,4.15,4.16,,,,,
WDCSOC,1.81,26/06/14,1:1,6.63,6.64,6.57,,,,
WDCSSA,9.54,30/06/14,1:1,1.515,,6.86,,,,
WDCSOD,4.20,26/06/15,1:1,4.71,4.72,4.85,,,,
WDCSZA,1.29,30/06/15,1:1,6.63,,6.09,,,,
WDCSMC,2.94,30/06/15,1:1,5.67,,6.01,,,,
WDCSSB,6.87,30/06/15,1:1,3.13,,5.37,,,,
WDCSOE,4.02,23/06/16,1:1,5.06,5.07,,,,,
WDCSWB,3.36,30/06/16,1:1,5.20,,4.57,,,,
WDCSWG,4.56,30/06/16,1:1,4.69,4.71,4.67,,,,
WDCSZB,5.51,30/06/16,1:1,2.69,,2.58,,,,
WDCSMX,7.36,30/06/16,1:1,1.66,,1.46,,,,
WDCSWD,9.40,30/06/16,1:1,.91,,.95,,,,
WDCSMY,12.25,30/06/17,1:1,.66,,.53,,,,
WDCSMB,7.14,29/06/18,1:1,1.90,,9.87,,,,
WDCSZX,1.48,04/02/19,1:1,6.89,,5.88,,,,
WDCSZV,3.57,04/02/19,1:1,4.80,,4.12,,,,
WDCSZW,4.59,04/02/19,1:1,3.79,,3.86,,,,
WDCSRT,1.48,06/08/21,1:1,6.89,6.89,,,,,
WDCSRX,3.26,06/08/21,1:1,5.11,5.11,4.82,,,,
WDCSRV,3.57,06/08/21,1:1,4.80,4.80,,,,,
WDCSRW,4.59,06/08/21,1:1,3.79,3.79,3.36,,,,
,
Wesfarmers Option/Basket Last Sale Price $30.20,
WE3ISM,19.01,28/06/12,1:1,16.40,16.46,17.17,,,,
WE3SZY,15.24,04/02/19,1:1,14.92,,19.21,,,,
WE3SRY,15.24,06/08/21,1:1,14.92,14.97,16.86,,,,
,
Wesfarmers Last Sale Price $29.55,
WESIOU,20.00,29/03/12,1:1,9.83,9.84,9.73,,,,
WESIO1,16.00,11/05/12,1:1,14.29,14.30,15.58,,,,
WESIOL,25.00,25/05/12,1:1,5.70,5.71,5.59,,,,
WESIOE,16.00,28/06/12,1:1,14.15,14.16,14.33,,,,
WESSOA,21.85,28/06/12,1:1,8.30,8.31,11.35,,,,
WESIRZ,23.50,28/06/12,1:1,7.07,7.03,,,,,
WESISM,34.36,28/06/12,1:1,3.76,4.53,,,,,
WESISN,34.54,28/06/12,1:1,,,,,,,
WESSSR,6.01,29/06/12,1:1,23.88,23.89,24.51,,,,
WESSMW,20.34,29/06/12,1:1,9.89,,10.87,,,,
WESSST,23.53,29/06/12,1:1,7.30,7.31,10.51,,,,
WESSSC,31.85,29/06/12,1:1,1.085,1.095,,,,,
WESJR2,22.06,24/07/12,1:1,7.53,7.49,7.45,,,,
WESIOW,15.00,30/08/12,1:1,15.43,15.44,15.45,,,,
WESISW,16.21,17/09/12,1:1,,,,,,,
WESIRA,16.00,27/09/12,1:1,14.42,14.38,14.64,,,,
WESIO2,16.00,07/11/12,1:1,15.61,15.62,16.29,,,,
WESIOZ,20.00,29/11/12,1:1,12.28,12.29,,,,,
WESIRQ,15.20,03/12/12,1:1,15.44,15.40,15.36,,,,
WESIZR,19.00,03/12/12,1:1,11.82,,15.12,,,,
WESIZZ,19.00,03/12/12,1:1,11.82,,13.43,,,,
WESSOB,14.65,27/06/13,1:1,15.54,15.55,19.95,,,,
WESSMA,20.40,28/06/13,1:1,10.04,,10.95,,,,
WESIOO,20.00,16/12/13,1:1,15.32,15.33,16.18,,,,
WESIOI,26.00,16/12/13,1:1,12.48,12.49,12.40,,,,
WESSOC,4.74,26/06/14,1:1,25.00,25.01,25.46,,,,
WESSSA,19.96,30/06/14,1:1,10.95,,15.99,,,,
WESSOD,18.42,26/06/15,1:1,13.76,13.77,18.35,,,,
WESSZA,11.00,30/06/15,1:1,18.87,,21.81,,,,
WESSMC,16.62,30/06/15,1:1,15.29,,15.33,,,,
WESSSB,21.31,30/06/15,1:1,11.59,,13.83,,,,
WESSOE,13.15,23/06/16,1:1,18.24,18.25,,,,,
WESSOF,16.65,23/06/16,1:1,16.14,16.15,,,,,
WESSWB,13.18,30/06/16,1:1,17.02,,18.00,,,,
WESSWG,16.77,30/06/16,1:1,15.62,15.63,17.08,,,,
WESSZB,17.88,30/06/16,1:1,12.35,,13.41,,,,
WESSMX,21.81,30/06/16,1:1,7.96,,9.10,,,,
WESSWC,22.79,30/06/16,1:1,8.30,,15.00,,,,
WESSMY,23.00,30/06/17,1:1,6.86,,7.92,,,,
WESSMB,19.70,29/06/18,1:1,10.71,,11.61,,,,
WESSZX,7.82,04/02/19,1:1,21.78,,22.45,,,,
WESSZW,13.03,04/02/19,1:1,16.56,,17.30,,,,
WESSZV,18.43,04/02/19,1:1,11.17,,13.86,,,,
WESSRT,7.82,06/08/21,1:1,21.78,21.74,,,,,
WESSRX,12.72,06/08/21,1:1,16.88,16.84,,,,,
WESSRW,13.03,06/08/21,1:1,16.56,16.52,17.58,,,,
WESSRV,18.43,06/08/21,1:1,11.17,11.13,11.02,,,,
,
WorleyParsons Last Sale Price $28.00,
WORIRZ,20.50,28/06/12,1:1,8.33,8.38,8.41,-14,100,,
WORSSR,5.55,29/06/12,1:1,22.67,22.70,18.00,,,,
WORSMW,18.95,29/06/12,1:1,9.78,,9.18,,,,
WORMMI,32.59,29/06/12,1:1,3.01,,6.56,,,,
WORIRA,14.00,27/09/12,1:1,14.75,14.80,13.05,,,,
WORSMA,26.44,28/06/13,1:1,4.34,,4.54,,,,
WORIOO,17.00,16/12/13,1:1,15.80,15.81,,,,,
WORSSA,27.13,30/06/14,1:1,7.17,,8.86,,,,
WORSSB,24.93,30/06/15,1:1,9.41,,,,,,
WORSWB,22.74,30/06/16,1:1,9.49,,12.95,,,,
WORSZC,19.69,30/06/17,1:1,11.05,,10.07,,,,
WORSMB,27.83,29/06/18,1:1,7.59,,5.48,,,,
WORSZX,7.20,04/02/19,1:1,20.76,,17.80,,,,
WORSZW,11.99,04/02/19,1:1,15.97,,15.05,,,,
WORSZV,14.69,04/02/19,1:1,13.26,,14.49,,,,
WORSRT,7.20,06/08/21,1:1,20.76,20.81,,,,,
WORSRX,11.37,06/08/21,1:1,16.58,16.63,,,,,
WORSRW,11.99,06/08/21,1:1,15.97,16.02,,,,,
WORSRV,14.69,06/08/21,1:1,13.26,13.31,11.35,,,,
,
Woolworths Last Sale Price $24.99,
WOWIOU,16.50,29/03/12,1:1,8.71,8.72,10.10,,,,
WOWIZJ,20.41,29/03/12,1:1,4.76,,4.84,,,,
WOWIO1,13.00,11/05/12,1:1,12.43,12.44,12.74,,,,
WOWIOL,20.00,25/05/12,1:1,5.56,5.57,5.50,+40,15,,
WOWSOA,16.62,28/06/12,1:1,8.85,8.86,9.19,,,,
WOWIOE,18.00,28/06/12,1:1,7.63,7.64,7.54,+19,20,,
WOWIRZ,19.25,28/06/12,1:1,6.33,6.33,,,,,
WOWISN,26.30,28/06/12,1:1,,,,,,,
WOWISM,30.38,28/06/12,1:1,1.50,2.18,,,,,
WOWSSR,13.16,29/06/12,1:1,12.45,12.46,13.75,,,,
WOWSMW,14.98,29/06/12,1:1,10.44,,10.87,,,,
WOWMMI,23.94,29/06/12,1:1,2.76,,2.22,,,,
WOWSSC,27.82,29/06/12,1:1,.415,.425,.395,,,,
WOWJR1,16.98,24/07/12,1:1,8.02,8.02,,,,,
WOWIOW,14.00,30/08/12,1:1,11.68,11.69,11.76,,,,
WOWISW,12.74,17/09/12,1:1,,,,,,,
WOWIRA,13.00,27/09/12,1:1,12.57,12.57,,,,,
WOWIO2,11.00,07/11/12,1:1,14.76,14.77,,,,,
WOWIOZ,18.25,29/11/12,1:1,8.62,8.63,8.39,,,,
WOWIRQ,13.50,03/12/12,1:1,12.32,12.32,12.30,,,,
WOWIZR,15.00,03/12/12,1:1,10.80,,12.10,,,,
WOWIZZ,15.00,03/12/12,1:1,10.80,,10.22,,,,
WOWSMA,17.73,28/06/13,1:1,8.00,,8.66,,,,
WOWIOO,15.00,16/12/13,1:1,13.33,13.34,,,,,
WOWIOI,20.00,16/12/13,1:1,10.48,10.49,10.02,,,,
WOWSOC,12.98,26/06/14,1:1,13.21,13.22,18.21,,,,
WOWSSA,17.23,30/06/14,1:1,8.57,,10.50,,,,
WOWSOD,15.26,26/06/15,1:1,11.21,11.22,11.19,,,,
WOWSZA,4.40,30/06/15,1:1,20.68,,20.05,,,,
WOWSMC,14.65,30/06/15,1:1,11.80,,12.54,,,,
WOWSSB,18.51,30/06/15,1:1,8.72,,11.62,,,,
WOWSOE,11.85,23/06/16,1:1,14.35,14.36,14.00,,,,
WOWSOF,14.85,23/06/16,1:1,12.34,12.35,,,,,
WOWSWB,6.06,30/06/16,1:1,19.32,,19.12,,,,
WOWSWC,9.81,30/06/16,1:1,15.69,,16.27,,,,
WOWSZB,9.82,30/06/16,1:1,15.40,,15.22,,,,
WOWSMX,10.06,30/06/16,1:1,15.25,,15.85,,,,
WOWSWG,13.82,30/06/16,1:1,13.12,13.13,13.07,,,,
WOWSWD,17.64,30/06/16,1:1,8.51,,7.89,,,,
WOWSMY,16.50,30/06/17,1:1,8.95,,8.97,,,,
WOWSZC,19.46,30/06/17,1:1,6.21,,9.45,,,,
WOWSMB,19.82,29/06/18,1:1,6.01,,8.81,,,,
WOWSZX,13.58,04/02/19,1:1,11.41,,12.10,,,,
WOWSRX,11.46,06/08/21,1:1,13.53,13.53,13.03,,,,
WOWSRT,13.58,06/08/21,1:1,11.41,11.41,12.23,,,,
,
Woodside Petroleum Last Sale Price $35.17,
WPLIZJ,33.33,29/03/12,1:1,2.40,,2.69,,,,
WPLIO1,21.00,11/05/12,1:1,15.10,15.11,15.38,,,,
WPLIOL,40.00,25/05/12,1:1,1.87,1.88,1.925,,,,
WPLIOC,20.00,28/06/12,1:1,16.03,16.04,,,,,
WPLIOE,25.00,28/06/12,1:1,11.12,11.13,11.62,,,,
WPLIRZ,26.50,28/06/12,1:1,9.58,9.71,10.10,,,,
WPLSOA,29.93,28/06/12,1:1,6.50,6.51,6.78,,,,
WPLISN,39.82,28/06/12,1:1,,,,,,,
WPLISM,44.68,28/06/12,1:1,1.98,2.98,4.97,,,,
WPLSSR,18.16,29/06/12,1:1,17.70,17.71,16.42,,,,
WPLSMW,24.38,29/06/12,1:1,11.47,,10.54,,,,
WPLSSS,26.32,29/06/12,1:1,9.91,9.92,6.97,,,,
WPLSSC,40.82,29/06/12,1:1,.89,.90,.995,,,,
WPLMMI,59.88,29/06/12,1:1,3.06,,1.35,,,,
WPLIOW,17.00,30/08/12,1:1,18.95,18.96,18.90,,,,
WPLIRA,18.00,27/09/12,1:1,17.93,18.08,,,,,
WPLIO2,18.00,07/11/12,1:1,19.11,19.12,19.50,,,,
WPLIOZ,21.00,29/11/12,1:1,16.64,16.65,,,,,
WPLIRQ,18.80,03/12/12,1:1,17.64,17.78,,,,,
WPLIZR,27.00,03/12/12,1:1,10.21,,10.33,,,,
WPLIZZ,27.00,03/12/12,1:1,10.21,,10.73,,,,
WPLSOB,33.61,27/06/13,1:1,9.13,9.14,8.76,,,,
WPLSMA,29.41,28/06/13,1:1,6.64,,7.22,,,,
WPLIOO,22.00,16/12/13,1:1,19.37,19.38,18.36,,,,
WPLIOI,30.00,16/12/13,1:1,15.65,15.66,,,,,
WPLSOC,15.17,26/06/14,1:1,21.56,21.57,19.70,,,,
WPLSSA,31.27,30/06/14,1:1,10.40,,9.73,,,,
WPLSOD,27.33,26/06/15,1:1,14.65,14.66,13.19,,,,
WPLSMC,26.20,30/06/15,1:1,14.51,,23.22,,,,
WPLSSB,39.48,30/06/15,1:1,9.83,,19.97,,,,
WPLSOE,17.97,23/06/16,1:1,20.76,20.77,22.33,,,,
WPLSOF,21.97,23/06/16,1:1,18.99,19.00,,,,,
WPLSWB,14.97,30/06/16,1:1,21.28,,21.29,,,,
WPLSWH,16.00,30/06/16,1:1,22.45,22.46,,,,,
WPLSWG,22.59,30/06/16,1:1,18.18,18.20,16.61,,,,
WPLSMX,29.21,30/06/16,1:1,8.39,,8.59,,,,
WPLSWC,30.62,30/06/16,1:1,9.28,,13.91,,,,
WPLSZB,31.47,30/06/16,1:1,8.31,,8.55,,,,
WPLSWD,43.79,30/06/16,1:1,2.00,,5.26,,,,
WPLSMY,27.43,30/06/17,1:1,9.45,,10.88,,,,
WPLSMB,32.89,29/06/18,1:1,7.70,,6.12,,,,
WPLSZX,17.79,04/02/19,1:1,17.24,,16.44,,,,
WPLSZV,25.34,04/02/19,1:1,9.69,,8.99,,,,
WPLSRX,17.03,06/08/21,1:1,17.99,18.14,17.41,,,,
WPLSRT,17.79,06/08/21,1:1,17.24,17.39,13.20,,,,
WPLSRV,25.34,06/08/21,1:1,9.69,9.84,9.90,,,,
,
Westfield Retail Tr Last Sale Price $2.35,
WRTSSU,1.92,29/06/12,1:1,.48,,,,,,
WRTJR2,1.60,24/07/12,1:1,.745,.75,,,,,
,
Western Areas Last Sale Price $5.56,
WSAIOE,3.00,28/06/12,1:1,2.73,2.74,2.39,,,,
,
Basket Installment Warrants,
Basket Endowment Warrants,
Portfolio Endowment,
PEWEEA,473.40,16/04/12,1000:1,1.86,,1.87,,,,
PEWEEB,235.00,01/04/13,1000:1,2.05,,2.01,,,,
,
Equity Capital Protection Warrants,
Macquarie Alps,
APSSM3,0.00,21/06/12,1:1,,,9.83,,,,
APSSM4,0.00,20/06/13,1:1,9.40,,9.40,-2,6,,
APSSM5,0.00,07/10/13,1:1,9.28,,9.28,+1,10,,
APSSM6,0.00,28/02/14,1:1,9.11,,9.15,,,,
,
UBS Dabs,
DABSS1,0.01,06/09/12,1:1,103.98,,103.85,,,,
,
UBS Fixed Incomeplus,
FIPSS1,0.01,04/10/21,1:1,.96,,.96,,,,
,
Signum Blue Glr,
GLRSJ1,0.00,08/08/12,1:1,990.00,1000.00,992.50,,,,
,
Citigroup MLI Coupon Plus,
MLWSOA,0.00,12/03/12,1:1,.98,,.99,,,,
MLWSOB,0.00,12/03/12,1:1,.98,,,,,,
MLWSOC,0.00,12/03/12,1:1,.735,,1.025,,,,
,
Alpha Results Growth,
RAKSOQ,0.00,20/02/12,1:1,1.04,,.895,,,,
RAKSOR,0.00,20/02/12,1:1,.68,,,,,,
RAKSOS,0.00,26/03/12,1:1,1.04,,,,,,
RAKSOT,0.00,26/03/12,1:1,.715,,.56,,,,
RAKSOU,0.00,12/06/12,1:1,.575,,,,,,
RAKSOV,0.00,12/06/12,1:1,.605,,.48,,,,
,
Alpha Results Income,
RAYSOQ,0.00,20/02/12,1:1,.965,,,,,,
RAYSOR,0.00,20/02/12,1:1,.69,,.66,,,,
RAYSOS,0.00,26/03/12,1:1,.99,,.785,,,,
RAYSOT,0.00,26/03/12,1:1,.74,,.64,,,,
RAYSOU,0.00,12/06/12,1:1,.62,,.805,,,,
RAYSOV,0.00,12/06/12,1:1,.655,,.765,,,,
,
Citigroup Yields,
YLDSO4,0.00,07/06/12,1:1,9.33,,9.33,,,,
,
Basket Capital Protection Warrants,
Spread Warrants,
Alpha Recharge 2,
RAASOA,0.00,16/02/12,1:1,.001,,,,,,
RAASOB,0.00,16/02/12,1:1,.008,,,,,,
,
Barrier Call Warrants,
AGL Energy Last Sale Price $14.29,
AGKKOB,9.32,31/12/29,1:1,4.92,4.93,,,,,
AGKKRA,11.19,31/12/29,1:1,3.05,3.11,2.94,,,,
AGKKMA,11.32,31/12/29,1:1,2.95,2.98,,,,,
AGKKRC,11.70,31/12/29,1:1,2.54,2.59,2.43,,,,
AGKKOC,12.20,31/12/29,1:1,2.04,2.05,,,,,
AGKKRB,12.50,31/12/29,1:1,1.735,1.79,1.72,,,,
,
Atlas Iron Last Sale Price $3.30,
AGOKMB,1.73,31/12/29,1:1,1.56,1.585,1.405,,,,
AGOKOC,1.96,31/12/29,1:1,1.33,1.34,.995,,,,
AGOKRB,1.97,31/12/29,1:1,1.33,1.335,1.255,,,,
AGOKRC,2.12,31/12/29,1:1,1.18,1.185,1.20,,,,
AGOKMA,2.17,31/12/29,1:1,1.115,1.14,1.175,,,,
AGOKZA,2.28,31/12/29,1:1,1.02,,.985,,,,
AGOKOD,2.33,31/12/29,1:1,.965,.975,.73,,,,
AGOKRD,2.42,31/12/29,1:1,.875,.88,.85,,,,
AGOKRA,2.61,31/12/29,1:1,.69,.695,.70,+.5,165,,
,
Asciano Last Sale Price $4.59,
AIOKOB,2.79,31/12/29,1:1,1.785,1.795,.555,,,,
AIOKMA,2.94,31/12/29,1:1,1.635,1.66,,,,,
AIOKRC,3.13,31/12/29,1:1,1.45,1.465,.50,,,,
AIOKRB,3.59,31/12/29,1:1,.985,1.00,,,,,
AIOKOA,3.77,31/12/29,1:1,.795,.805,1.435,,,,
AIOKRD,3.85,31/12/29,1:1,.725,.74,.815,,,,
AIOKRA,4.01,31/12/29,1:1,.565,.58,,,,,
,
Aristocrat Leisure Last Sale Price $2.42,
ALLKOC,1.45,31/12/29,1:1,.965,.975,,,,,
ALLKMA,1.65,31/12/29,1:1,.76,.785,.415,,,,
ALLKOB,1.87,31/12/29,1:1,.54,.55,,,,,
,
Amcor Last Sale Price $6.90,
AMCKOB,4.58,31/12/29,1:1,2.31,2.32,,,,,
AMCKMA,5.06,31/12/29,1:1,1.825,1.855,1.92,,,,
AMCKOA,5.50,31/12/29,1:1,1.39,1.40,3.55,,,,
AMCKRD,5.50,31/12/29,1:1,1.39,1.40,,,,,
AMCKRE,5.63,31/12/29,1:1,1.26,1.275,,,,,
AMCKRF,5.77,31/12/29,1:1,1.12,1.135,1.285,,,,
AMCKRB,5.90,31/12/29,1:1,.985,1.00,,,,,
AMCKRA,5.99,31/12/29,1:1,.90,.915,,,,,
AMCKRG,6.05,31/12/29,1:1,.835,.85,.71,,,,
AMCKRC,6.15,31/12/29,1:1,.74,.755,,,,,
,
AMP Last Sale Price $4.32,
AMPKMC,1.72,31/12/29,1:1,2.58,2.61,,,,,
AMPKMB,2.31,31/12/29,1:1,1.99,2.02,2.19,,,,
AMPKOD,2.73,31/12/29,1:1,1.57,1.58,1.635,,,,
AMPLOB,3.11,31/12/29,1:1,1.295,1.305,1.335,,,,
AMPKOA,3.11,31/12/29,1:1,1.19,1.20,1.235,,,,
AMPKRA,3.24,31/12/29,1:1,1.065,1.08,1.115,,,,
AMPLOC,3.28,31/12/29,1:1,1.145,1.155,,,,,
AMPKRB,3.35,31/12/29,1:1,.96,.975,1.00,,,,
AMPKOE,3.45,31/12/29,1:1,.85,.86,.81,,,,
AMPKRD,3.60,31/12/29,1:1,.71,.725,.74,,,,
AMPKRC,3.66,31/12/29,1:1,.645,.66,.695,,,,
AMPLOA,3.77,31/12/29,1:1,.63,.64,.205,,,,
,
ANZ Banking Grp Last Sale Price $21.69,
ANZXOA,18.00,29/03/12,2:1,2.09,2.10,1.72,,,,
ANZXOC,19.00,29/03/12,2:1,1.585,1.595,,,,,
ANZXOB,20.00,29/03/12,2:1,1.08,1.09,1.835,,,,
ANZXOE,20.50,29/03/12,2:1,.65,.835,.69,,,,
ANZKMC,10.14,31/12/29,1:1,11.54,11.57,2.72,,,,
ANZKMB,12.30,31/12/29,1:1,9.38,9.41,,,,,
ANZKRD,13.03,31/12/29,1:1,8.64,8.66,8.11,,,,
ANZKOE,13.91,31/12/29,1:1,7.78,7.79,6.49,,,,
ANZKZL,14.15,31/12/29,1:1,7.53,,7.30,,,,
ANZKMA,14.16,31/12/29,1:1,7.52,7.55,.91,,,,
ANZKOH,14.76,31/12/29,1:1,6.93,6.94,5.84,,,,
ANZKRA,15.17,31/12/29,1:1,6.51,6.53,6.41,,,,
ANZLOB,15.79,31/12/29,1:1,6.30,6.31,4.20,,,,
ANZKRB,15.96,31/12/29,1:1,5.71,5.73,4.87,,,,
ANZKRE,16.45,31/12/29,1:1,5.22,5.24,4.80,,,,
ANZKOG,16.50,31/12/29,1:1,5.19,5.20,4.87,,,,
ANZKMD,16.91,31/12/29,1:1,4.78,4.81,4.52,,,,
ANZKRF,17.21,31/12/29,1:1,4.46,4.48,4.23,,,,
ANZKOF,17.36,31/12/29,1:1,4.33,4.34,4.37,+44,9,,
ANZKRC,17.67,31/12/29,1:1,4.01,4.03,3.97,,,,
ANZLOA,17.86,31/12/29,1:1,4.23,4.24,4.02,,,,
ANZKRL,17.95,31/12/29,1:1,3.73,3.75,,,,,
ANZKMF,18.23,31/12/29,1:1,3.45,3.48,3.25,,,,
ANZKRI,18.31,31/12/29,1:1,3.36,3.38,3.06,,,,
ANZQRC,18.53,31/12/29,1:1,3.14,3.16,,,,,
ANZKRJ,18.82,31/12/29,1:1,2.85,2.87,2.61,,,,
ANZLOC,18.83,31/12/29,1:1,3.26,3.27,3.25,+6,12,,
ANZQRB,19.07,31/12/29,1:1,2.60,2.62,,,,,
ANZKOA,19.08,31/12/29,1:1,2.61,2.62,1.94,,,,
ANZKRK,19.33,31/12/29,1:1,2.34,2.36,2.40,+21,38,,
ANZLOD,19.40,31/12/29,1:1,2.74,2.75,2.84,,,,
,
APA Grp Last Sale Price $4.69,
APAKOA,3.01,31/12/29,1:1,1.685,1.695,,,,,
APAKRC,3.72,31/12/29,1:1,.965,.97,,,,,
APAKRA,3.94,31/12/29,1:1,.745,.75,,,,,
APAKRB,4.11,31/12/29,1:1,.58,.585,,,,,
,
Aquila Res Last Sale Price $5.62,
AQAKMD,2.02,31/12/29,1:1,3.58,3.61,,,,,
AQAKMC,3.55,31/12/29,1:1,2.06,2.09,2.20,,,,
,
ASX Last Sale Price $30.24,
ASXKOA,20.23,31/12/29,1:1,9.95,9.96,,,,,
ASXKZI,21.96,31/12/29,1:1,8.23,,9.73,,,,
ASXKRB,22.92,31/12/29,1:1,7.26,7.32,8.78,,,,
ASXKMA,24.67,31/12/29,1:1,5.54,5.57,6.31,,,,
ASXKRD,25.07,31/12/29,1:1,5.11,5.17,,,,,
ASXKRC,25.94,31/12/29,1:1,4.24,4.30,,,,,
ASXKOC,26.11,31/12/29,1:1,4.07,4.08,7.42,,,,
ASXKRA,26.64,31/12/29,1:1,3.55,3.61,4.20,,,,
,
Alumina Last Sale Price $1.18,
AWCKMD,0.51,31/12/29,1:1,.655,.68,.82,,,,
AWCKMC,0.71,31/12/29,1:1,.45,.475,.61,,,,
AWCKOH,0.71,31/12/29,1:1,.46,.47,.545,,,,
AWCQRD,0.75,31/12/29,1:1,.42,.425,,,,,
AWCKOF,0.83,31/12/29,1:1,.345,.355,.46,,,,
AWCQRB,0.84,31/12/29,1:1,.335,.34,,,,,
AWCKOG,0.93,31/12/29,1:1,.24,.25,.325,,,,
AWCQRA,0.94,31/12/29,1:1,.235,.24,.39,,,,
AWCQRC,1.00,31/12/29,1:1,.17,.175,.21,,,,
,
AWE Last Sale Price $1.60,
AWEKOA,0.73,31/12/29,1:1,.865,.875,.75,,,,
AWEKOB,0.88,31/12/29,1:1,.715,.725,,,,,
,
Aston Res Last Sale Price $9.58,
AZTKMA,4.59,31/12/29,1:1,4.97,5.00,,,,,
AZTKMB,5.61,31/12/29,1:1,3.95,3.98,4.37,,,,
AZTKRB,6.58,31/12/29,1:1,3.03,3.01,2.76,,,,
AZTKRA,7.12,31/12/29,1:1,2.49,2.47,2.48,,,,
,
Billabong Int'l Last Sale Price $1.82,
BBGKOD,1.01,31/12/29,1:1,.795,.805,.81,,300,,
BBGKMB,1.01,31/12/29,1:1,.795,.82,,,,,
BBGKRA,1.02,31/12/29,1:1,.785,.80,.95,,,,
BBGKRB,1.27,31/12/29,1:1,.54,.555,.575,,,,
BBGKOE,1.42,31/12/29,1:1,.39,.40,.445,,,,
BBGKRC,1.42,31/12/29,1:1,.39,.405,.47,,,,
,
Bendigo & Adelaide Bk Last Sale Price $8.07,
BENKMA,5.57,31/12/29,1:1,2.48,2.51,,,,,
BENKOA,6.05,31/12/29,1:1,2.04,2.05,2.22,,,,
BENKRC,6.84,31/12/29,1:1,1.24,1.23,,,,,
BENKOB,6.92,31/12/29,1:1,1.16,1.17,,,,,
BENKRB,7.10,31/12/29,1:1,.98,.975,,,,,
,
BHP Billiton Last Sale Price $36.17,
BHPXOE,32.50,29/03/12,2:1,2.16,2.17,2.40,,,,
BHPXOG,33.50,29/03/12,2:1,1.635,1.645,1.73,-22.5,30,,
BHPXOH,34.50,29/03/12,2:1,1.14,1.15,1.13,-12.5,400,,
BHPXOO,35.50,29/03/12,2:1,.585,.595,.575,-28.5,5086,,
BHPKZC,16.76,31/12/29,1:1,19.40,,21.01,,,,
BHPKMA,18.16,31/12/29,1:1,18.00,18.03,,,,,
BHPKMO,19.67,31/12/29,1:1,16.48,16.51,,,,,
BHPKZB,20.93,31/12/29,1:1,15.23,,16.78,,,,
BHPKML,23.37,31/12/29,1:1,12.79,12.82,12.92,,,,
BHPQRG,24.21,31/12/29,1:1,11.94,11.96,,,,,
BHPQRF,25.16,31/12/29,1:1,10.99,11.01,,,,,
BHPKOB,25.33,31/12/29,1:1,10.84,,,,,,
BHPKOH,26.74,31/12/29,1:1,9.44,9.45,11.25,,,,
BHPKMH,26.82,31/12/29,1:1,9.33,9.36,10.36,,,,
BHPKRI,27.96,31/12/29,1:1,8.20,8.22,8.76,,,,
BHPKOJ,27.97,31/12/29,1:1,8.21,8.22,9.33,,,,
BHPQRC,28.19,31/12/29,1:1,7.96,7.98,,,,,
BHPQRD,28.70,31/12/29,1:1,7.46,7.48,,,,,
BHPKZD,28.83,31/12/29,1:1,7.34,,9.41,,,,
BHPKRE,29.18,31/12/29,1:1,6.98,7.00,7.48,,,,
BHPKOM,29.43,31/12/29,1:1,6.74,6.75,8.24,,,,
BHPKRH,30.03,31/12/29,1:1,6.13,6.15,6.99,,,,
BHPLOD,30.03,31/12/29,1:1,6.84,6.85,6.96,,10,,
BHPKMG,30.13,31/12/29,1:1,6.02,6.05,6.12,-31,20,,
BHPQRB,30.25,31/12/29,1:1,5.91,5.93,6.45,,,,
BHPKOA,30.78,31/12/29,1:1,5.39,5.40,5.39,-22,152,,
BHPKRB,30.93,31/12/29,1:1,5.23,5.25,5.27,-22,14,,
BHPKMM,31.15,31/12/29,1:1,5.00,5.03,5.00,-60,50,,
BHPKRN,31.21,31/12/29,1:1,4.94,4.96,5.90,,,,
BHPKON,31.60,31/12/29,1:1,4.57,4.58,5.12,,,,
BHPKRC,31.71,31/12/29,1:1,4.44,4.46,4.50,-50,102,,
BHPQRH,32.06,31/12/29,1:1,4.10,4.12,,,,,
BHPLOC,32.10,31/12/29,1:1,4.77,4.78,4.79,-31,10,,
BHPQRA,32.78,31/12/29,1:1,3.38,3.40,4.42,,,,
BHPKOG,33.03,31/12/29,1:1,3.14,3.15,3.17,-48,140,,
BHPQRE,33.11,31/12/29,1:1,3.05,3.07,3.60,,,,
BHPKMN,33.62,31/12/29,1:1,2.53,2.56,3.10,,,,
BHPKOC,33.70,31/12/29,1:1,2.47,2.48,2.46,-57,740,,
BHPKRF,33.71,31/12/29,1:1,2.45,2.47,2.60,-76,80,,
BHPLOB,34.17,31/12/29,1:1,2.70,2.71,3.24,,,,
BHPLOE,34.77,31/12/29,1:1,2.20,2.21,2.19,-11,100,,
,
Bradken Last Sale Price $8.11,
BKNKZA,4.59,31/12/29,1:1,3.50,,3.20,,,,
BKNKOA,4.98,31/12/29,1:1,3.11,3.12,2.55,,,,
BKNKRA,5.13,31/12/29,1:1,2.96,2.99,3.03,,,,
BKNKRC,5.42,31/12/29,1:1,2.67,2.70,2.06,,,,
BKNKRB,5.64,31/12/29,1:1,2.44,2.47,1.605,,,,
,
Boral Last Sale Price $4.27,
BLDKOB,2.13,31/12/29,1:1,2.13,2.14,1.97,,,,
BLDKMB,2.71,31/12/29,1:1,1.535,1.56,,,,,
BLDKOA,2.92,31/12/29,1:1,1.335,1.345,.75,,,,
BLDKRB,3.06,31/12/29,1:1,1.20,1.215,1.06,,,,
BLDKRA,3.31,31/12/29,1:1,.945,.96,.63,,,,
BLDKRC,3.51,31/12/29,1:1,.745,.76,1.115,,,,
,
Boart Longyear Last Sale Price $3.62,
BLYKMD,1.41,31/12/29,1:1,2.19,2.22,,,,,
BLYKOD,1.81,31/12/29,1:1,1.815,1.825,,,,,
BLYKRE,1.82,31/12/29,1:1,1.80,1.805,1.83,,,,
BLYKMC,1.86,31/12/29,1:1,1.74,1.765,1.615,,,,
BLYKOC,2.15,31/12/29,1:1,1.47,1.48,1.53,,,,
BLYKRC,2.28,31/12/29,1:1,1.335,1.34,1.365,,,,
BLYKMB,2.36,31/12/29,1:1,1.25,1.275,1.295,,,,
BLYKRA,2.51,31/12/29,1:1,1.11,1.115,,,,,
BLYKRB,2.71,31/12/29,1:1,.91,.915,1.065,,,,
BLYKRD,2.81,31/12/29,1:1,.81,.815,1.22,,,,
,
Bank of Qld Last Sale Price $7.19,
BOQKMA,4.91,31/12/29,1:1,2.26,2.29,3.49,,,,
BOQKOA,5.45,31/12/29,1:1,1.74,1.75,1.885,,,,
BOQKRC,6.38,31/12/29,1:1,.82,.815,3.53,,,,
BOQKOB,6.41,31/12/29,1:1,.78,.79,1.81,,,,
BOQKRA,6.50,31/12/29,1:1,.70,.695,,,,,
,
Beach Energy Last Sale Price $1.59,
BPTKOA,0.73,31/12/29,1:1,.85,.86,.85,,,,
,
BlueScope Steel Last Sale Price $0.40,
BSLKMB,0.10,31/12/29,1:1,.28,,.37,,,,
BSLKOD,0.20,31/12/29,1:1,.185,.195,.14,,,,
BSLKMC,0.22,31/12/29,1:1,.16,.185,.42,,,,
BSLKOF,0.26,31/12/29,1:1,.135,.145,,,,,
BSLKRG,0.27,31/12/29,1:1,.125,.13,.16,,,,
BSLKRF,0.29,31/12/29,1:1,.105,.11,.16,,,,
BSLKOE,0.31,31/12/29,1:1,.081,.091,.089,,,,
BSLKRE,0.31,31/12/29,1:1,.088,.089,.10,,,,
BSLKRB,0.32,31/12/29,1:1,.079,.08,.094,,,,
BSLKRD,0.33,31/12/29,1:1,.068,.069,.088,,,,
BSLKRC,0.34,31/12/29,1:1,.059,.059,.059,-.4,1,,
,
Bathurst Res Last Sale Price $0.76,
BTUKOD,0.31,31/12/29,1:1,.445,.455,.405,,,,
BTUKOC,0.41,31/12/29,1:1,.345,.355,.375,,,,
BTUKOE,0.50,31/12/29,1:1,.255,.265,.235,-1,1000,,
,
Brambles Last Sale Price $7.11,
BXBKZG,4.59,31/12/29,1:1,2.50,,2.50,,,,
BXBKOC,4.78,31/12/29,1:1,2.31,2.32,,,,,
BXBKMA,5.17,31/12/29,1:1,1.92,1.95,1.83,,,,
BXBKOB,5.84,31/12/29,1:1,1.255,1.265,1.35,,,,
BXBKRB,5.85,31/12/29,1:1,1.24,1.26,,,,,
BXBKRA,6.10,31/12/29,1:1,.985,1.01,,,,,
BXBKRD,6.20,31/12/29,1:1,.885,.91,,,,,
BXBKRC,6.36,31/12/29,1:1,.73,.755,,,,,
,
C'wlth Bank of Aust Last Sale Price $49.96,
CBAXOF,45.00,29/03/12,4:1,1.52,1.53,1.37,,,,
CBAXOG,46.50,29/03/12,4:1,1.14,1.15,,,,,
CBAXOH,48.50,29/03/12,4:1,.575,.585,.60,-1,120,,
CBAKZK,16.30,31/12/29,1:1,33.61,,33.91,,,,
CBAKRA,29.51,31/12/29,1:1,20.40,20.45,20.61,,,,
CBAKMF,36.52,31/12/29,1:1,13.43,13.46,4.22,,,,
CBAKZO,37.17,31/12/29,1:1,12.75,,13.25,,,,
CBAKOF,37.37,31/12/29,1:1,12.54,12.55,8.85,,,,
CBAKZL,38.76,31/12/29,1:1,11.15,,13.06,,,,
CBAKMC,39.01,31/12/29,1:1,10.93,10.96,5.50,,,,
CBALOB,39.35,31/12/29,1:1,11.56,11.57,11.15,,,,
CBAKOE,40.00,31/12/29,1:1,9.91,9.92,9.96,-31,20,,
CBAKRC,40.80,31/12/29,1:1,9.12,9.17,9.35,,,,
CBAKMA,41.06,31/12/29,1:1,8.88,8.91,9.40,,,,
CBAKOH,41.28,31/12/29,1:1,8.63,8.64,9.11,,,,
CBAKRJ,42.45,31/12/29,1:1,7.46,7.51,7.62,-38,10,,
CBALOA,42.46,31/12/29,1:1,8.46,8.47,,,,,
CBAKOC,42.81,31/12/29,1:1,7.11,7.12,7.48,,,,
CBAKRN,42.87,31/12/29,1:1,7.04,7.09,8.50,,,,
CBAKRD,43.41,31/12/29,1:1,6.51,6.56,,,,,
CBAKRH,43.66,31/12/29,1:1,6.25,6.30,6.40,+6,5,,
CBAKRE,43.92,31/12/29,1:1,6.00,6.05,6.34,,,,
CBAKMG,44.07,31/12/29,1:1,5.87,5.90,6.82,,,,
CBAKRL,44.20,31/12/29,1:1,5.72,5.77,5.74,-23,5,,
CBAQRA,44.35,31/12/29,1:1,5.57,5.62,,,,,
CBAKRG,44.48,31/12/29,1:1,5.44,5.49,6.85,,,,
CBAQRB,44.85,31/12/29,1:1,5.06,5.11,,,,,
CBAKRI,44.88,31/12/29,1:1,5.04,5.09,5.50,,,,
CBAKMH,45.16,31/12/29,1:1,4.78,4.81,3.17,,,,
CBAKRF,45.38,31/12/29,1:1,4.53,4.58,4.67,-84,30,,
CBALOC,45.41,31/12/29,1:1,5.51,5.52,5.42,,,,
CBAKOG,45.79,31/12/29,1:1,4.13,4.14,4.24,,,,
CBAKRB,46.15,31/12/29,1:1,3.77,4.50,4.40,,,,
CBALOD,46.87,31/12/29,1:1,4.05,4.06,4.59,+11,5,,
CBAKRK,47.15,31/12/29,1:1,2.76,2.81,2.93,,,,
,
Coca-Cola Amatil Last Sale Price $11.73,
CCLKZA,7.40,31/12/29,1:1,4.35,,4.61,,,,
CCLKMA,8.11,31/12/29,1:1,3.60,3.63,,,,,
CCLKOB,8.24,31/12/29,1:1,3.50,3.51,3.37,,,,
CCLKOA,9.31,31/12/29,1:1,2.44,2.45,,,,,
CCLKRE,9.38,31/12/29,1:1,2.37,2.36,,,,,
CCLKRC,9.73,31/12/29,1:1,2.01,2.00,2.49,,,,
CCLKRD,9.97,31/12/29,1:1,1.775,1.76,1.63,,,,
CCLKRF,10.35,31/12/29,1:1,1.395,1.38,1.78,,,,
,
CuDECO Last Sale Price $3.47,
CDUKMB,1.53,31/12/29,1:1,1.92,1.95,,,,,
CDUKMA,2.42,31/12/29,1:1,1.035,1.06,1.07,-1,238,,
,
Challenger Last Sale Price $4.36,
CGFKOB,2.92,31/12/29,1:1,1.425,1.435,,,,,
CGFKOA,3.52,31/12/29,1:1,.82,.83,1.355,,,,
,
Carabella Res Last Sale Price $1.35,
CLRQRE,0.40,31/12/29,1:1,.95,,.94,,,,
CLRQRD,0.45,31/12/29,1:1,.90,,.89,,,,
CLRQRA,0.50,31/12/29,1:1,.85,,.67,,,,
CLRQRC,0.55,31/12/29,1:1,.80,,.62,,,,
CLRQRB,0.60,31/12/29,1:1,.75,,.705,,,,
,
Cochlear Last Sale Price $60.55,
COHKOE,39.31,31/12/29,1:1,21.29,21.30,15.76,,,,
COHKRH,41.51,31/12/29,1:1,18.87,19.05,21.28,,,,
COHKOD,41.57,31/12/29,1:1,19.02,19.03,21.00,,,,
COHKRG,42.90,31/12/29,1:1,17.47,17.65,13.16,,,,
COHKMA,44.51,31/12/29,1:1,16.02,16.05,16.45,,5,,
COHKOF,47.31,31/12/29,1:1,13.28,13.29,25.26,,,,
COHKRI,47.82,31/12/29,1:1,12.56,12.74,14.42,,,,
COHKRK,48.83,31/12/29,1:1,11.54,11.72,13.00,,,,
COHKRL,49.85,31/12/29,1:1,10.52,10.70,9.20,,,,
COHKRJ,51.43,31/12/29,1:1,8.94,9.12,11.27,,,,
COHKRM,52.44,31/12/29,1:1,7.93,8.11,11.00,,,,
,
Campbell Brothers Last Sale Price $55.82,
CPBKMA,26.04,31/12/29,1:1,29.76,29.79,,,,,
CPBKOA,30.55,31/12/29,1:1,25.34,25.35,21.48,,,,
CPBKOB,35.09,31/12/29,1:1,20.80,20.81,,,,,
CPBKMB,39.06,31/12/29,1:1,16.74,16.77,,,,,
,
Coalspur Mines Last Sale Price $1.63,
CPLKOA,0.94,31/12/29,1:1,.675,.685,.75,,,,
CPLKOB,1.04,31/12/29,1:1,.58,.59,.655,,,,
,
Computershare Last Sale Price $8.00,
CPUKOD,5.10,31/12/29,1:1,2.89,2.90,,,,,
CPUKMA,5.61,31/12/29,1:1,2.37,2.40,,,,,
CPUKRA,6.15,31/12/29,1:1,1.85,1.855,1.745,,,,
CPUKOC,6.23,31/12/29,1:1,1.765,1.775,1.91,,,,
CPUKRD,6.53,31/12/29,1:1,1.465,1.47,1.305,,,,
CPUKRB,6.66,31/12/29,1:1,1.34,1.345,1.375,,,,
CPUKRC,6.87,31/12/29,1:1,1.13,1.135,2.60,,,,
,
CSL Last Sale Price $30.78,
CSLKOE,22.09,31/12/29,1:1,8.66,8.67,7.79,,,,
CSLKOC,23.68,31/12/29,1:1,7.06,7.07,6.82,,,,
CSLKZH,24.09,31/12/29,1:1,6.65,,6.93,,,,
CSLKMA,24.42,31/12/29,1:1,6.34,6.37,6.94,,,,
CSLKRC,25.04,31/12/29,1:1,5.70,5.74,5.65,+260,10,,
CSLKRF,25.89,31/12/29,1:1,4.86,4.90,6.62,,,,
CSLKRD,26.34,31/12/29,1:1,4.41,4.45,4.69,,,,
CSLKOD,26.49,31/12/29,1:1,4.26,4.27,4.03,,,,
CSLKRB,26.96,31/12/29,1:1,3.78,3.82,6.09,,,,
,
CSR Last Sale Price $1.90,
CSRKMA,1.21,31/12/29,1:1,.67,.695,,,,,
CSRKRA,1.30,31/12/29,1:1,.59,.60,,,,,
CSRKRC,1.42,31/12/29,1:1,.475,.485,,,,,
CSRKZA,1.42,31/12/29,1:1,.47,,1.015,,,,
CSRKRG,1.58,31/12/29,1:1,.315,.325,,,,,
CSRKOA,1.62,31/12/29,1:1,.275,.285,.355,,,,
CSRKRB,1.63,31/12/29,1:1,.26,.27,,,,,
,
Caltex Aust Last Sale Price $12.66,
CTXKZF,5.93,31/12/29,1:1,6.68,,4.10,,,,
CTXKOB,6.65,31/12/29,1:1,5.98,5.99,3.57,,,,
CTXKMA,8.09,31/12/29,1:1,4.55,4.58,3.07,,,,
CTXKOA,9.08,31/12/29,1:1,3.55,3.56,3.74,,,,
CTXKRB,10.14,31/12/29,1:1,2.48,2.53,2.18,,,,
CTXKRA,10.39,31/12/29,1:1,2.22,2.27,,,,,
CTXKRC,10.75,31/12/29,1:1,1.865,1.91,,,,,
CTXKRD,10.92,31/12/29,1:1,1.695,1.74,,,,,
,
Crown Last Sale Price $8.37,
CWNKMA,5.06,31/12/29,1:1,3.29,3.32,3.09,,,,
CWNKOB,5.67,31/12/29,1:1,2.69,2.70,,,,,
CWNKRA,6.06,31/12/29,1:1,2.29,2.32,2.24,-3,80,,
CWNKRC,6.32,31/12/29,1:1,2.02,2.05,,,,,
CWNKOA,6.69,31/12/29,1:1,1.66,1.67,1.765,,,,
CWNKRB,6.71,31/12/29,1:1,1.635,1.66,,,,,
,
David Jones Last Sale Price $2.41,
DJSKOB,1.52,31/12/29,1:1,.88,.89,,,,,
DJSKMB,1.53,31/12/29,1:1,.865,.89,,,,,
DJSQRA,1.81,31/12/29,1:1,.595,.60,,,,,
DJSKOA,1.86,31/12/29,1:1,.54,.55,.72,,,,
DJSKRB,1.92,31/12/29,1:1,.49,.495,1.535,,,,
DJSKMA,1.94,31/12/29,1:1,.455,.48,.635,,,,
DJSKRC,2.03,31/12/29,1:1,.38,.385,.535,,,,
DJSQRB,2.21,31/12/29,1:1,.21,.225,,,,,
,
Downer EDI Last Sale Price $3.66,
DOWKOA,2.17,31/12/29,1:1,1.48,1.49,1.41,,,,
DOWKRC,2.74,31/12/29,1:1,.905,.92,,,,,
DOWKRA,2.91,31/12/29,1:1,.74,.755,,,,,
DOWKOB,3.01,31/12/29,1:1,.645,.655,,,,,
DOWKRB,3.11,31/12/29,1:1,.535,.55,,,,,
,
Echo Entertainment Last Sale Price $3.58,
EGPKMA,2.03,31/12/29,1:1,1.53,1.555,,,,,
EGPKOB,2.62,31/12/29,1:1,.935,.945,,,,,
EGPKZF,2.69,31/12/29,1:1,.87,,1.04,,,,
EGPKRB,2.87,31/12/29,1:1,.685,.71,,,,,
EGPKRA,3.14,31/12/29,1:1,.42,.445,,,,,
EGPKOA,3.14,31/12/29,1:1,.41,.42,.53,,,,
,
Energy Res Last Sale Price $1.25,
ERAKOC,0.70,31/12/29,1:1,.545,.555,,,,,
ERAKMC,0.71,31/12/29,1:1,.525,.55,.56,,,,
ERAKOA,0.91,31/12/29,1:1,.34,.35,.42,,,,
ERAKMB,0.91,31/12/29,1:1,.33,.355,.40,,,,
ERAKRD,0.91,31/12/29,1:1,.34,.345,.41,,,,
ERAQRB,1.00,31/12/29,1:1,.25,.255,,,,,
ERAQRA,1.00,31/12/29,1:1,.25,.255,,,,,
,
Evolution Min Last Sale Price $1.87,
EVNKMA,0.82,31/12/29,1:1,1.04,1.065,,,,,
EVNKMB,1.01,31/12/29,1:1,.84,.865,,,,,
,
Currency Warrant EUR/JPY,
FEJKRB,86.16,31/12/29,100:1,19.59,19.70,,,,,
FEJKRA,90.17,31/12/29,100:1,14.78,14.88,,,,,
,
Currency Warrant EUR/USD,
FEUKRB,1.13,31/12/29,100:1,17.65,17.76,,,,,
FEUKRA,1.20,31/12/29,100:1,10.62,10.73,,,,,
,
Fortescue Metals Grp Last Sale Price $5.61,
FMGXOE,4.40,29/03/12,2:1,.76,.77,.47,,,,
FMGXOI,4.60,29/03/12,2:1,.66,.67,.59,,,,
FMGKMD,1.01,31/12/29,1:1,4.58,4.61,.515,,,,
FMGKMC,1.55,31/12/29,1:1,4.04,4.07,,,,,
FMGKMB,2.59,31/12/29,1:1,3.00,3.03,2.64,,,,
FMGKZB,2.79,31/12/29,1:1,2.82,2.86,2.87,+33,150,,
FMGKOI,2.84,31/12/29,1:1,2.76,2.77,2.50,,,,
FMGKOG,3.11,31/12/29,1:1,2.50,2.51,2.34,,,,
FMGKRG,3.35,31/12/29,1:1,2.25,2.26,2.09,,,,
FMGKMA,3.63,31/12/29,1:1,1.97,1.995,2.03,+36.5,171,,
FMGKRC,3.65,31/12/29,1:1,1.96,1.965,2.04,+17.5,100,,
FMGKOK,3.72,31/12/29,1:1,1.88,1.89,1.95,+18,510,,
FMGKRM,3.76,31/12/29,1:1,1.85,1.855,1.50,,,,
FMGKRH,3.87,31/12/29,1:1,1.74,1.745,1.48,,,,
FMGKRO,4.03,31/12/29,1:1,1.56,1.58,1.625,+19,235,,
FMGKOL,4.11,31/12/29,1:1,1.49,1.50,1.56,+33.5,300,,
FMGKRN,4.11,31/12/29,1:1,1.495,1.705,1.62,+22,560,,
FMGQRA,4.22,31/12/29,1:1,1.385,1.39,1.425,+22.5,100,,
FMGQRC,4.31,31/12/29,1:1,1.30,1.305,1.20,+3.5,1000,,
FMGKOH,4.36,31/12/29,1:1,1.24,1.25,1.265,+16.5,600,,
FMGQRB,4.43,31/12/29,1:1,1.18,1.185,1.20,+22,670,,
,
Currency Warrant USD/JPY,
FUJKRB,67.15,31/12/29,100:1,12.87,12.98,,,,,
FUJKRA,72.16,31/12/29,100:1,6.85,6.95,6.90,+18,220,,
,
Fleetwood Corp Last Sale Price $12.69,
FWDKRC,10.07,31/12/29,1:1,2.57,2.63,3.83,,,,
FWDKRA,10.24,31/12/29,1:1,2.39,2.45,,,,,
FWDKRB,10.47,31/12/29,1:1,2.16,2.22,,,,,
,
Currency Warrant AUD/EUR,
FXEKRC,0.65,31/12/29,100:1,20.44,20.54,,,,,
FXEKRB,0.66,31/12/29,100:1,18.59,18.69,12.31,,,,
FXEKRA,0.68,31/12/29,100:1,16.75,16.84,16.73,,,,
FXEKOB,0.70,31/12/29,100:1,13.75,13.81,,,,,
FXEKOA,0.76,31/12/29,100:1,6.36,6.42,,,,,
,
Currency Warrant AUD/HKD,
FXHKRC,6.87,31/12/29,100:1,17.00,17.04,,,,,
FXHKRA,6.94,31/12/29,100:1,16.14,16.17,,,,,
FXHKRB,7.07,31/12/29,100:1,14.60,14.64,,,,,
,
Fairfax Media Last Sale Price $0.78,
FXJKMB,0.36,31/12/29,1:1,.41,.435,.375,,,,
FXJKOA,0.51,31/12/29,1:1,.26,.27,.445,,,,
FXJKOB,0.61,31/12/29,1:1,.16,.17,.21,,,,
,
Currency Warrant AUD/GBP,
FXPKRC,0.56,31/12/29,100:1,17.74,17.82,,,,,
FXPKOA,0.58,31/12/29,100:1,15.21,15.27,,,,,
FXPKRB,0.58,31/12/29,100:1,14.80,14.88,9.17,,,,
FXPKRA,0.59,31/12/29,100:1,13.33,13.41,,,,,
FXPKOB,0.62,31/12/29,100:1,8.79,8.85,,,,,
,
Currency Warrant AUD/SGP,
FXSKZA,1.14,31/12/29,100:1,15.20,,14.71,,,,
,
Currency Warrant AUS/USD,
FXUKRD,0.90,31/12/29,100:1,16.07,16.13,13.75,,,,
FXUKRF,0.94,31/12/29,100:1,12.13,12.19,8.62,,,,
FXUKOD,0.94,31/12/29,100:1,11.92,11.98,12.29,,,,
FXUKRH,0.95,31/12/29,100:1,11.05,11.10,11.25,,,,
FXUKRI,0.96,31/12/29,100:1,10.11,10.16,9.60,,,,
FXUKOH,0.96,31/12/29,100:1,10.07,10.13,,,,,
FXUKRL,0.97,31/12/29,100:1,9.21,9.26,,,,,
FXUKOG,0.97,31/12/29,100:1,9.13,9.19,,,,,
FXUKOE,0.98,31/12/29,100:1,8.20,8.26,9.71,,,,
FXUKRM,0.98,31/12/29,100:1,8.09,8.14,8.78,,,,
FXUKOA,0.99,31/12/29,100:1,7.27,7.33,11.15,,,,
FXUKOB,1.00,31/12/29,100:1,6.33,6.39,11.23,,,,
FXUKRK,1.01,31/12/29,100:1,5.44,,14.17,,,,
FXUKRE,1.03,31/12/29,100:1,3.57,,6.36,,,,
,
Currency Warrant AUD/JPY,
FXYKRC,69.65,31/12/29,100:1,16.24,16.35,,,,,
FXYKRB,69.73,31/12/29,100:1,16.14,16.25,,,,,
FXYKOB,69.76,31/12/29,100:1,16.09,16.17,12.00,,,,
FXYKRD,71.87,31/12/29,100:1,13.58,13.68,8.55,,,,
FXYKOA,71.98,31/12/29,100:1,13.42,13.50,,,,,
FXYKRA,75.47,31/12/29,100:1,9.24,9.35,,,,,
,
Currency Warrant AUD/NZD,
FXZKRC,1.12,31/12/29,100:1,13.14,13.25,,,,,
FXZKOA,1.13,31/12/29,100:1,12.06,12.18,,,,,
FXZKRB,1.14,31/12/29,100:1,11.58,11.69,,,,,
FXZKRA,1.16,31/12/29,100:1,10.01,10.12,,,,,
FXZKOB,1.17,31/12/29,100:1,8.92,9.04,,,,,
,
Gindalbie Metals Last Sale Price $0.69,
GBGKOB,0.31,31/12/29,1:1,.37,.38,.385,,,,
,
Goodman Fielder Last Sale Price $0.52,
GFFKOA,0.31,31/12/29,1:1,.205,.215,.21,,,,
GFFKOB,0.40,31/12/29,1:1,.11,.12,,,,,
,
GrainCorp Last Sale Price $7.85,
GNCKMC,3.22,31/12/29,1:1,4.61,4.64,,,,,
GNCKMB,4.36,31/12/29,1:1,3.48,3.51,3.43,,,,
GNCKMA,5.86,31/12/29,1:1,1.975,2.00,1.985,+15,553,,
,
GPT Grp Last Sale Price $3.02,
GPTQRA,2.21,31/12/29,1:1,.815,.81,,,,,
GPTKMA,2.22,31/12/29,1:1,.785,.81,,,,,
GPTKOA,2.30,31/12/29,1:1,.73,.74,.85,,,,
GPTKRA,2.32,31/12/29,1:1,.71,.705,.775,,,,
GPTKRB,2.41,31/12/29,1:1,.615,.61,,,,,
GPTKOB,2.51,31/12/29,1:1,.525,.535,,,,,
,
Gryphon Minerals Last Sale Price $1.35,
GRYKOC,0.62,31/12/29,1:1,.73,.74,.63,,,,
GRYKOB,0.88,31/12/29,1:1,.47,.48,.375,,,,
,
Harvey Norman Last Sale Price $1.98,
HVNKOB,1.19,31/12/29,1:1,.785,.795,,,,,
HVNKMA,1.33,31/12/29,1:1,.64,.665,.385,,,,
HVNKOA,1.44,31/12/29,1:1,.535,.545,.565,,,,
HVNKRA,1.52,31/12/29,1:1,.45,.46,.50,,,,
HVNKRB,1.61,31/12/29,1:1,.36,.37,,,,,
HVNQRA,1.71,31/12/29,1:1,.265,.275,,,,,
,
Insurance Aust Grp Last Sale Price $2.84,
IAGKMB,1.76,31/12/29,1:1,1.06,1.085,,,,,
IAGKOA,2.03,31/12/29,1:1,.795,.805,,,,,
IAGKMA,2.34,31/12/29,1:1,.485,.51,.90,,,,
IAGKRA,2.44,31/12/29,1:1,.385,.40,.55,,,,
IAGKOB,2.47,31/12/29,1:1,.35,.36,.69,,,,
IAGQRA,2.53,31/12/29,1:1,.30,.315,,,,,
IAGKRB,2.57,31/12/29,1:1,.255,.27,.31,,,,
,
Intrepid Mines Last Sale Price $1.37,
IAUKOB,0.51,31/12/29,1:1,.855,.865,,,,,
IAUKOA,0.82,31/12/29,1:1,.55,.56,.46,,,,
,
iShares MSCI Em Mkt Last Sale Price $40.78,
IEMKMA,22.76,31/12/29,1:1,17.74,,,,,,
,
Independence Grp Last Sale Price $4.27,
IGOKOA,2.53,31/12/29,1:1,1.74,1.75,1.74,,,,
,
Iluka Res Last Sale Price $17.12,
ILUKMB,9.19,31/12/29,1:1,7.92,7.95,5.43,,,,
ILUKZA,10.01,31/12/29,1:1,7.08,,5.51,,,,
ILUKRD,10.16,31/12/29,1:1,6.89,6.97,6.89,-69,70,,
ILUKOH,11.53,31/12/29,1:1,5.56,5.57,,,,,
ILUKRG,11.81,31/12/29,1:1,5.28,5.31,5.15,,,,
ILUKMC,12.21,31/12/29,1:1,4.89,4.92,4.26,,,,
ILUKOE,12.39,31/12/29,1:1,4.70,4.71,5.36,,,,
ILUKRH,12.84,31/12/29,1:1,4.26,4.29,5.04,,,,
ILUKOF,13.09,31/12/29,1:1,4.15,4.02,4.15,+40,11,,
ILUKRI,13.73,31/12/29,1:1,3.36,3.39,3.76,,,,
ILUKOG,14.04,31/12/29,1:1,3.06,3.07,3.66,,,,
ILUKRE,14.28,31/12/29,1:1,2.81,2.84,4.40,,,,
ILUKRC,15.05,31/12/29,1:1,2.00,2.02,4.64,,,,
ILUKOC,15.24,31/12/29,1:1,1.845,1.855,1.96,-78,300,,
ILUKRF,15.50,31/12/29,1:1,1.61,1.625,3.65,,,,
,
Incitec Pivot Last Sale Price $3.39,
IPLKOE,1.80,31/12/29,1:1,1.58,1.59,1.85,,,,
IPLKMB,2.12,31/12/29,1:1,1.26,1.285,,,,,
IPLKRB,2.26,31/12/29,1:1,1.125,1.13,.955,,,,
IPLKOA,2.27,31/12/29,1:1,1.11,1.12,1.045,,,,
IPLKOD,2.54,31/12/29,1:1,.845,.855,.83,+24.5,1000,,
IPLKRD,2.60,31/12/29,1:1,.785,.79,.765,,,,
IPLKMA,2.61,31/12/29,1:1,.765,.835,.79,+9,1200,,
IPLKRE,2.68,31/12/29,1:1,.71,.715,.705,,,,
IPLKRC,2.74,31/12/29,1:1,.65,.655,.68,+4.5,32,,
IPLKOF,2.74,31/12/29,1:1,.645,.655,.625,,,,
,
JB Hi-Fi Last Sale Price $11.80,
JBHKOD,6.59,31/12/29,1:1,5.21,5.22,,,,,
JBHKOC,8.09,31/12/29,1:1,3.70,3.71,8.17,,,,
JBHKMB,8.11,31/12/29,1:1,3.68,3.71,3.33,,,,
JBHQRB,8.81,31/12/29,1:1,2.93,2.99,2.94,,,,
JBHKRF,9.13,31/12/29,1:1,2.62,2.68,2.63,,,,
JBHKRE,9.63,31/12/29,1:1,2.12,2.18,,,,,
JBHQRA,9.82,31/12/29,1:1,1.925,1.98,2.62,,,,
JBHKOB,10.20,31/12/29,1:1,1.59,1.60,1.82,-13.5,100,,
,
James Hardie Ind Last Sale Price $7.12,
JHXKMA,4.33,31/12/29,1:1,2.78,2.81,,,,,
JHXKOA,4.42,31/12/29,1:1,2.70,2.71,2.89,,,,
JHXKRE,5.15,31/12/29,1:1,1.98,1.975,,,,,
JHXKRB,5.34,31/12/29,1:1,1.79,1.785,1.625,,,,
JHXKRD,5.68,31/12/29,1:1,1.445,1.44,,,,,
JHXKOB,5.78,31/12/29,1:1,1.345,1.355,,,,,
JHXKRC,5.81,31/12/29,1:1,1.32,1.315,1.40,,,,
JHXKRA,6.32,31/12/29,1:1,.805,.80,,,,,
,
Karoon Gas Aust Last Sale Price $5.25,
KARKOF,2.28,31/12/29,1:1,2.98,2.99,2.91,,,,
KARKMA,2.57,31/12/29,1:1,2.66,2.69,,,,,
KARKRF,3.04,31/12/29,1:1,2.21,2.21,,,,,
KARKOG,3.09,31/12/29,1:1,2.16,2.17,2.26,,,,
KARKRC,3.45,31/12/29,1:1,1.805,1.80,1.60,,,,
KARKRD,3.56,31/12/29,1:1,1.70,1.695,2.25,,,,
KARKOE,3.57,31/12/29,1:1,1.68,1.69,1.59,,,,
KARKRA,3.63,31/12/29,1:1,1.625,1.62,1.835,,,,
KARKRE,3.81,31/12/29,1:1,1.445,1.44,,,,,
KARKRB,4.01,31/12/29,1:1,1.245,1.24,1.385,,,,
,
Kingsgate Cons Last Sale Price $7.80,
KCNKMB,3.07,31/12/29,1:1,4.72,4.75,,,,,
KCNKMC,4.13,31/12/29,1:1,3.65,3.68,3.68,,,,
KCNKOB,4.61,31/12/29,1:1,3.18,3.19,3.18,,,,
KCNKRE,4.72,31/12/29,1:1,3.06,3.08,2.83,,,,
KCNKRB,5.02,31/12/29,1:1,2.77,2.79,2.83,,,,
KCNKOC,5.52,31/12/29,1:1,2.27,2.28,,,,,
KCNKRC,5.52,31/12/29,1:1,2.27,2.29,2.05,,,,
KCNKRD,6.02,31/12/29,1:1,1.77,1.785,,,,,
,
Leighton Hldgs Last Sale Price $22.87,
LEIKOB,13.78,31/12/29,1:1,9.03,9.04,10.58,,,,
LEIKZH,14.74,31/12/29,1:1,8.07,,8.61,,,,
LEIKRB,15.21,31/12/29,1:1,7.60,7.66,8.15,,,,
LEIKOC,16.04,31/12/29,1:1,6.77,6.78,,,,,
LEIKRD,17.34,31/12/29,1:1,5.48,5.54,5.82,,,,
LEIKOA,18.30,31/12/29,1:1,4.51,4.52,4.70,,,,
LEIKMA,18.55,31/12/29,1:1,4.30,4.33,4.58,,,,
LEIKRA,19.56,31/12/29,1:1,3.25,3.31,4.77,,,,
LEIKRC,20.31,31/12/29,1:1,2.50,2.56,2.69,,,,
,
Lend Lease Grp Last Sale Price $7.18,
LLCKOB,4.77,31/12/29,1:1,2.40,2.41,2.52,,,,
LLCKMA,5.07,31/12/29,1:1,2.09,2.12,1.23,,,,
LLCKOC,5.67,31/12/29,1:1,1.505,1.515,1.655,,,,
LLCKRD,6.10,31/12/29,1:1,1.075,1.08,1.385,,,,
LLCKRB,6.22,31/12/29,1:1,.96,.965,1.165,,,,
LLCKRA,6.41,31/12/29,1:1,.765,.77,1.42,,,,
,
Linc Energy Last Sale Price $1.33,
LNCKMB,0.50,31/12/29,1:1,.805,.83,,,,,
LNCKOC,0.73,31/12/29,1:1,.585,.595,.575,,,,
LNCKMA,0.82,31/12/29,1:1,.495,.52,.58,,,,
LNCKRA,0.90,31/12/29,1:1,.415,.425,.655,,,,
LNCKOE,1.00,31/12/29,1:1,.315,.325,,,,,
LNCKRB,1.00,31/12/29,1:1,.315,.325,.69,,,,
,
Lynas Corp Last Sale Price $1.27,
LYCKOJ,0.40,31/12/29,1:1,.855,.865,,,,,
LYCKOE,0.52,31/12/29,1:1,.74,.75,.97,,,,
LYCKRG,0.56,31/12/29,1:1,.705,.72,.85,,,,
LYCKOF,0.62,31/12/29,1:1,.635,.645,.665,-6,1500,,
LYCKMB,0.63,31/12/29,1:1,.63,1.38,.74,,,,
LYCKRB,0.67,31/12/29,1:1,.59,.605,.77,,,,
LYCKRD,0.74,31/12/29,1:1,.52,.535,.525,-18,203,,
LYCKOG,0.83,31/12/29,1:1,.43,,.585,,,,
LYCQRA,0.92,31/12/29,1:1,.34,.355,.425,,,,
LYCKMD,1.00,31/12/29,1:1,.255,.28,.93,,,,
LYCQRB,1.04,31/12/29,1:1,.22,.235,.29,-8,150,,
LYCKOI,1.10,31/12/29,1:1,.155,.165,.165,-10.5,6080,,
,
Mirvac Grp Last Sale Price $1.20,
MGRKOA,0.80,31/12/29,1:1,.385,.395,.485,,,,
MGRKMA,0.85,31/12/29,1:1,.325,.35,,,,,
MGRKRB,0.86,31/12/29,1:1,.335,.34,,,,,
MGRQRA,0.94,31/12/29,1:1,.25,.255,,,,,
MGRKRA,1.00,31/12/29,1:1,.195,.20,,,,,
MGRKOC,1.01,31/12/29,1:1,.18,.19,,,,,
,
Mount Gibson Iron Last Sale Price $1.29,
MGXKMC,0.71,31/12/29,1:1,.565,.59,.565,,,,
MGXKOC,0.98,31/12/29,1:1,.31,.32,.32,-2.5,170,,
MGXKOB,1.15,31/12/29,1:1,.14,.15,.15,-4,650,,
,
Mineral Res Last Sale Price $12.44,
MINKOA,7.78,31/12/29,1:1,4.67,4.68,4.90,,,,
MINKRD,8.85,31/12/29,1:1,3.60,3.59,,,,,
MINKMA,9.03,31/12/29,1:1,3.39,3.42,3.24,,,,
MINKRF,9.05,31/12/29,1:1,3.40,3.39,,,,,
MINKRB,9.22,31/12/29,1:1,3.24,3.22,,,,,
MINKRE,9.41,31/12/29,1:1,3.04,3.03,,,,,
MINKOB,9.43,31/12/29,1:1,3.03,3.04,,,,,
MINKRA,10.03,31/12/29,1:1,2.42,2.41,,,,,
MINKRC,10.33,31/12/29,1:1,2.13,2.12,,,,,
,
Medusa Min Last Sale Price $5.98,
MMLKOB,3.35,31/12/29,1:1,2.61,2.62,2.06,,,,
,
Monadelphous Grp Last Sale Price $22.77,
MNDKOA,14.52,31/12/29,1:1,8.29,8.30,6.60,,,,
MNDKRB,15.46,31/12/29,1:1,7.38,7.31,4.39,,,,
MNDKMA,16.06,31/12/29,1:1,6.69,6.72,5.43,,,,
MNDKRF,17.30,31/12/29,1:1,5.54,5.48,,,,,
MNDKRD,17.52,31/12/29,1:1,5.32,5.26,,,,,
MNDKRA,17.65,31/12/29,1:1,5.19,5.13,,,,,
MNDKRC,18.56,31/12/29,1:1,4.28,4.22,4.64,,,,
MNDKRE,19.56,31/12/29,1:1,3.27,3.21,1.815,,,,
,
Macquarie Grp Last Sale Price $26.78,
MQGXOA,19.00,29/03/12,4:1,2.22,2.23,.515,,,,
MQGXOK,21.00,29/03/12,4:1,1.72,1.73,,,,,
MQGXOJ,21.50,29/03/12,4:1,1.595,1.605,,,,,
MQGXOI,22.50,29/03/12,4:1,1.345,1.355,.955,,,,
MQGKRI,15.39,31/12/29,1:1,11.39,11.40,9.68,,,,
MQGLOB,15.90,31/12/29,1:1,11.69,11.70,,,,,
MQGKOH,15.91,31/12/29,1:1,10.88,10.89,10.09,,,,
MQGKRA,16.07,31/12/29,1:1,10.70,10.71,9.83,,,,
MQGKOC,17.01,31/12/29,1:1,9.78,9.79,9.78,,,,
MQGKOF,17.69,31/12/29,1:1,9.10,9.11,7.59,,,,
MQGKRF,18.22,31/12/29,1:1,8.56,8.57,8.61,,,,
MQGKRB,18.97,31/12/29,1:1,7.80,7.81,7.80,,,,
MQGLOA,19.01,31/12/29,1:1,8.58,8.59,6.97,,,,
MQGKOI,19.13,31/12/29,1:1,7.67,7.68,,,,,
MQGQRE,19.27,31/12/29,1:1,7.51,7.52,6.42,,,,
MQGQRF,19.49,31/12/29,1:1,7.28,7.29,,,,,
MQGQRA,19.84,31/12/29,1:1,6.94,6.95,5.28,,,,
MQGKOJ,20.13,31/12/29,1:1,6.66,6.67,6.74,,,,
MQGQRB,20.35,31/12/29,1:1,6.43,6.44,,,,,
MQGQRC,20.85,31/12/29,1:1,5.93,5.94,6.00,,,,
MQGLOC,21.01,31/12/29,1:1,6.59,6.60,5.07,,,,
MQGQRI,21.09,31/12/29,1:1,5.69,5.70,,,,,
MQGQRD,21.57,31/12/29,1:1,5.21,5.22,4.45,,,,
MQGQRH,22.04,31/12/29,1:1,4.74,4.75,,,,,
MQGQRG,22.57,31/12/29,1:1,4.20,4.21,4.35,,,,
,
Mesoblast Last Sale Price $7.11,
MSBKOD,4.08,31/12/29,1:1,3.04,3.05,2.59,,,,
MSBKMA,4.08,31/12/29,1:1,3.01,3.04,3.04,,,,
MSBKRD,4.66,31/12/29,1:1,2.46,2.46,2.34,,,,
MSBKRE,4.97,31/12/29,1:1,2.15,2.15,1.63,,,,
MSBKOB,4.98,31/12/29,1:1,2.14,2.15,2.00,,,,
MSBKMB,5.04,31/12/29,1:1,2.05,2.08,,,,,
MSBKRC,5.09,31/12/29,1:1,2.02,2.02,2.05,+9.5,80,,
,
Metcash Last Sale Price $4.06,
MTSKOA,3.06,31/12/29,1:1,.99,1.00,1.025,+8,50,,
MTSKRA,3.17,31/12/29,1:1,.88,.895,1.01,,,,
MTSKRB,3.29,31/12/29,1:1,.755,.77,,,,,
MTSKRC,3.51,31/12/29,1:1,.54,.555,,,,,
,
Myer Hldgs Last Sale Price $2.06,
MYRKMB,1.12,31/12/29,1:1,.925,.95,,,,,
MYRKOC,1.18,31/12/29,1:1,.87,.88,1.41,,,,
MYRKRA,1.52,31/12/29,1:1,.525,.54,.60,,,,
MYRKZA,1.55,31/12/29,1:1,.495,,.475,,,,
MYRKOB,1.61,31/12/29,1:1,.435,.445,.445,-1,500,,
MYRKRC,1.62,31/12/29,1:1,.425,.44,.495,,,,
MYRKMA,1.66,31/12/29,1:1,.39,.415,.39,,,,
MYRKRB,1.72,31/12/29,1:1,.325,.34,.42,,,,
,
National Aust Bank Last Sale Price $23.02,
NABXOC,20.50,29/03/12,2:1,1.51,1.52,1.465,,,,
NABXOB,21.50,29/03/12,2:1,1.005,1.015,.97,-20.5,33,,
NABXOA,22.50,29/03/12,2:1,.475,.485,.55,,,,
NABKMD,12.05,31/12/29,1:1,10.95,10.98,,,,,
NABKZL,12.85,31/12/29,1:1,10.16,,11.16,,,,
NABKMG,13.58,31/12/29,1:1,9.43,9.46,,,,,
NABKOD,14.86,31/12/29,1:1,8.15,8.16,9.36,,,,
NABKME,15.76,31/12/29,1:1,7.24,7.27,7.90,,,,
NABKRD,15.78,31/12/29,1:1,7.23,7.25,7.66,,,,
NABKZN,16.63,31/12/29,1:1,6.38,,8.03,,,,
NABKOG,16.71,31/12/29,1:1,6.30,6.31,7.07,,,,
NABKRO,17.49,31/12/29,1:1,5.51,5.53,,,,,
NABLOB,17.74,31/12/29,1:1,5.72,5.73,6.66,,,,
NABKOB,17.81,31/12/29,1:1,5.19,5.20,6.21,,,,
NABKRA,17.93,31/12/29,1:1,5.07,5.09,5.41,,,,
NABKRM,18.25,31/12/29,1:1,4.75,4.77,,,,,
NABKRF,18.48,31/12/29,1:1,4.52,4.54,4.43,,,,
NABKMC,18.53,31/12/29,1:1,4.47,4.50,4.36,,,,
NABKOF,18.80,31/12/29,1:1,4.20,4.21,4.39,,,,
NABKRB,18.98,31/12/29,1:1,4.03,4.05,4.79,,,,
NABLOA,19.81,31/12/29,1:1,3.65,3.66,5.43,,,,
NABKRG,19.98,31/12/29,1:1,3.03,3.05,3.31,,,,
NABKRI,20.14,31/12/29,1:1,2.87,2.89,,,,,
NABKRJ,20.42,31/12/29,1:1,2.59,2.61,2.65,-10,126,,
NABKRC,20.65,31/12/29,1:1,2.36,2.38,2.73,,,,
NABKOE,20.79,31/12/29,1:1,2.22,2.23,2.19,,,,
NABKMH,20.88,31/12/29,1:1,2.00,2.15,2.39,,,,
NABKRH,21.01,31/12/29,1:1,2.00,2.02,1.93,,,,
NABKRK,21.36,31/12/29,1:1,1.645,1.66,1.67,-14,100,,
NABKOH,21.39,31/12/29,1:1,1.61,1.62,1.585,,,,
NABLOC,21.80,31/12/29,1:1,1.65,1.66,1.865,-10.5,40,,
NABLOD,22.68,31/12/29,1:1,.825,.835,.72,-35,90,,
,
Newcrest Min Last Sale Price $34.40,
NCMXOB,30.00,29/03/12,4:1,1.375,1.385,,,,,
NCMXOJ,30.50,29/03/12,4:1,1.25,1.26,1.12,,,,
NCMXOK,31.50,29/03/12,4:1,.995,1.005,.49,,,,
NCMKZF,19.22,31/12/29,1:1,15.16,,13.60,,,,
NCMKRA,20.32,31/12/29,1:1,14.05,14.08,12.85,,,,
NCMKMF,23.58,31/12/29,1:1,10.80,10.83,6.65,,,,
NCMKOB,25.13,31/12/29,1:1,9.27,9.28,8.04,,,,
NCMKRH,25.68,31/12/29,1:1,8.69,8.72,8.50,,,,
NCMKMC,26.01,31/12/29,1:1,8.37,8.40,8.96,,,,
NCMLOF,26.21,31/12/29,1:1,9.20,9.21,,,,,
NCMKRM,26.42,31/12/29,1:1,7.96,7.99,8.01,,,,
NCMKOF,26.50,31/12/29,1:1,7.89,7.90,7.96,,,,
NCMKRJ,26.72,31/12/29,1:1,7.66,7.69,8.09,+12,396,,
NCMKRC,27.26,31/12/29,1:1,7.12,7.15,7.35,-24,20,,
NCMKME,27.56,31/12/29,1:1,6.54,6.85,7.27,-5,20,,
NCMKOH,27.68,31/12/29,1:1,6.71,6.72,6.67,-53,100,,
NCMQRA,28.05,31/12/29,1:1,6.33,6.36,,,,,
NCMLOE,28.22,31/12/29,1:1,7.18,7.19,,,,,
NCMKMG,28.73,31/12/29,1:1,5.65,5.68,4.60,,,,
NCMKRD,29.09,31/12/29,1:1,5.28,5.31,5.42,+15,8,,
NCMLOD,30.24,31/12/29,1:1,5.16,5.17,5.11,-1,79,,
NCMKRK,30.41,31/12/29,1:1,3.97,4.00,3.94,-461,80,,
,
New Hope Corp Last Sale Price $5.75,
NHCKOC,4.01,31/12/29,1:1,1.73,1.74,,,,,
NHCKOA,4.31,31/12/29,1:1,1.435,1.445,1.405,,,,
,
Nufarm Last Sale Price $4.82,
NUFKOB,3.09,31/12/29,1:1,1.75,1.76,,,,,
NUFKOA,3.51,31/12/29,1:1,1.33,1.34,1.39,+26,9,,
,
News Corp Last Sale Price $18.84,
NWSKMA,8.81,31/12/29,1:1,10.01,10.04,,,,,
NWSKZI,9.35,31/12/29,1:1,9.52,,7.30,,,,
NWSKMB,10.68,31/12/29,1:1,8.14,8.17,4.05,,,,
NWSKOA,12.08,31/12/29,1:1,6.78,6.79,5.56,,,,
NWSKMC,13.68,31/12/29,1:1,5.14,5.17,,,,,
NWSKRE,14.50,31/12/29,1:1,4.37,4.35,2.77,,,,
NWSKOB,14.80,31/12/29,1:1,4.07,4.08,3.75,,,,
NWSKRA,14.85,31/12/29,1:1,4.01,3.99,3.79,,,,
NWSKRB,15.36,31/12/29,1:1,3.50,3.48,,,,,
NWSKRC,15.67,31/12/29,1:1,3.20,3.18,,,,,
NWSKRD,15.75,31/12/29,1:1,3.12,3.10,2.97,-32,68,,
,
Origin Energy Last Sale Price $13.39,
ORGKMC,8.79,31/12/29,1:1,4.58,4.61,,,,,
ORGKOC,9.18,31/12/29,1:1,4.22,4.23,4.40,,,,
ORGQRA,10.32,31/12/29,1:1,3.08,3.07,,,,,
ORGKRE,10.62,31/12/29,1:1,2.79,2.78,3.01,,,,
ORGKMB,11.04,31/12/29,1:1,2.33,2.36,3.56,,,,
ORGQRB,11.10,31/12/29,1:1,2.31,2.30,,,,,
ORGKOB,11.12,31/12/29,1:1,2.28,2.29,2.29,+15,10,,
ORGKRF,11.44,31/12/29,1:1,1.97,1.955,2.30,,,,
ORGKRD,11.82,31/12/29,1:1,1.585,1.57,1.665,,,,
,
Orica Last Sale Price $25.72,
ORIKOA,15.52,31/12/29,1:1,10.23,10.24,,,,,
ORIKMA,19.44,31/12/29,1:1,6.26,6.29,,,,,
ORIKOB,19.88,31/12/29,1:1,5.86,5.87,5.50,,,,
ORIKRA,20.21,31/12/29,1:1,5.50,5.51,4.15,,,,
ORIKRB,20.79,31/12/29,1:1,4.93,4.94,4.61,,,,
ORIKRD,21.70,31/12/29,1:1,4.02,4.03,4.00,,,,
,
Oil Search Last Sale Price $6.50,
OSHKMB,3.05,31/12/29,1:1,3.43,3.46,,,,,
OSHKMC,4.06,31/12/29,1:1,2.42,2.45,2.69,,,,
OSHKZE,4.30,31/12/29,1:1,2.18,,2.28,,,,
OSHKZD,4.70,31/12/29,1:1,1.785,,1.31,,,,
OSHKOB,4.75,31/12/29,1:1,1.735,1.745,1.745,-12.5,50,,
OSHKRC,4.87,31/12/29,1:1,1.615,1.63,,,,,
OSHKRD,5.08,31/12/29,1:1,1.405,1.42,,,,,
OSHKRE,5.22,31/12/29,1:1,1.265,1.28,1.14,,,,
OSHKOD,5.29,31/12/29,1:1,1.19,1.20,,,,,
OSHKRF,5.31,31/12/29,1:1,1.175,1.19,,,,,
OSHKRG,5.41,31/12/29,1:1,1.08,1.095,1.11,,,,
OSHKRB,5.51,31/12/29,1:1,.98,.995,1.155,,,,
OSHKRA,5.82,31/12/29,1:1,.67,.685,.88,,,,
,
OneSteel Last Sale Price $0.75,
OSTKME,0.25,31/12/29,1:1,.485,.51,,,,,
OSTQRB,0.34,31/12/29,1:1,.40,.41,,,,,
OSTKMD,0.41,31/12/29,1:1,.33,.355,.39,,,,
OSTKOF,0.51,31/12/29,1:1,.225,.235,.245,,,,
OSTKRF,0.56,31/12/29,1:1,.185,.195,.215,,,,
OSTKOH,0.60,31/12/29,1:1,.135,.145,.165,-.5,110,,
OSTKRG,0.61,31/12/29,1:1,.135,.145,.17,,,,
OSTQRA,0.62,31/12/29,1:1,.12,.13,.14,,,,
,
OZ Minerals Last Sale Price $11.49,
OZLKMA,6.58,31/12/29,1:1,4.89,4.92,,,,,
OZLKOC,7.21,31/12/29,1:1,4.26,4.27,,,,,
OZLKOB,8.17,31/12/29,1:1,3.31,3.32,3.18,,,,
OZLKRG,8.62,31/12/29,1:1,2.85,2.87,2.80,,,,
OZLKRD,9.02,31/12/29,1:1,2.44,2.46,2.46,-3,165,,
OZLQRA,9.33,31/12/29,1:1,2.13,2.15,2.22,,,,
OZLQRB,9.63,31/12/29,1:1,1.835,1.85,1.855,,,,
,
Panoramic Res Last Sale Price $1.25,
PANKMA,0.93,31/12/29,1:1,.305,.33,,,,,
,
Paladin Energy Last Sale Price $1.70,
PDNKRL,1.60,15/02/12,1:1,.15,,.195,,,,
PDNKMC,0.50,31/12/29,1:1,1.18,1.205,,,,,
PDNKMB,0.93,31/12/29,1:1,.76,.785,.895,,,,
PDNKRE,0.93,31/12/29,1:1,.78,.77,.80,-5.5,300,,
PDNKOF,0.93,31/12/29,1:1,.775,.785,.90,,,,
PDNKOG,1.16,31/12/29,1:1,.55,.56,.61,-3,700,,
PDNKRI,1.19,31/12/29,1:1,.52,.51,.62,+2.5,600,,
PDNKRM,1.22,31/12/29,1:1,.495,.485,.615,,,,
PDNKOH,1.31,31/12/29,1:1,.42,.42,.42,-5.5,1546,,
PDNKRF,1.40,31/12/29,1:1,.31,.30,.535,,,,
PDNKRK,1.50,31/12/29,1:1,.21,.20,.25,-3,684,,
,
PanAust Last Sale Price $3.63,
PNAKOA,2.07,31/12/29,1:1,1.55,1.56,1.52,,,,
PNAKMA,2.07,31/12/29,1:1,1.54,1.565,1.615,,,,
PNAKRE,2.41,31/12/29,1:1,1.22,1.225,1.19,,,,
PNAKOB,2.52,31/12/29,1:1,1.105,1.115,1.185,,,,
PNAKRC,2.62,31/12/29,1:1,1.005,1.01,1.04,,,,
PNAKRD,2.73,31/12/29,1:1,.90,.905,,,,,
,
Perseus Min Last Sale Price $2.77,
PRUKOB,1.52,31/12/29,1:1,1.245,1.255,1.305,,,,
PRUKRC,1.93,31/12/29,1:1,.84,.845,1.015,,,,
PRUKRA,2.04,31/12/29,1:1,.725,.73,.745,-5.5,100,,
PRUKRB,2.31,31/12/29,1:1,.46,.465,,,,,
,
Primary Health Care Last Sale Price $2.97,
PRYKRB,2.32,31/12/29,1:1,.66,.655,.52,,,,
PRYKOB,2.33,31/12/29,1:1,.645,.655,.715,,,,
PRYKRA,2.42,31/12/29,1:1,.56,.555,,,,,
PRYKRC,2.49,31/12/29,1:1,.49,.485,.545,,,,
,
Qantas Airways Last Sale Price $1.54,
QANKMB,0.78,31/12/29,1:1,.745,.77,,,,,
QANKRD,0.88,31/12/29,1:1,.655,.66,.72,,,,
QANKOD,0.98,31/12/29,1:1,.555,.565,,,,,
QANKRC,0.99,31/12/29,1:1,.545,.55,.555,,,,
QANKMA,1.04,31/12/29,1:1,.485,.51,.625,,,,
QANKOA,1.19,31/12/29,1:1,.34,.35,.40,,,,
QANKRB,1.21,31/12/29,1:1,.33,.335,.40,,,,
QANKRG,1.27,31/12/29,1:1,.27,.275,.295,,,,
QANKRE,1.32,31/12/29,1:1,.22,.225,.225,-4.5,100,,
QANKRF,1.36,31/12/29,1:1,.175,.18,,,,,
,
BetaShares Gold Last Sale Price $17.24,
QAUKMA,10.97,31/12/29,1:1,6.25,6.29,6.49,,,,
QAUKOA,13.59,31/12/29,1:1,3.64,3.65,2.69,,,,
QAUKOB,15.04,31/12/29,1:1,2.19,2.20,,,,,
,
QBE Insurance Grp Last Sale Price $11.80,
QBEXOG,10.00,29/03/12,2:1,1.16,1.17,,,,,
QBEXOD,10.50,29/03/12,2:1,.91,.92,,,,,
QBEXOA,11.00,29/03/12,2:1,.655,.665,,,,,
QBEKMD,6.84,31/12/29,1:1,4.94,4.97,,,,,
QBEKMC,7.70,31/12/29,1:1,4.08,4.11,4.25,,,,
QBEKOF,8.29,31/12/29,1:1,3.54,3.55,3.50,,,,
QBELOB,8.80,31/12/29,1:1,3.42,3.43,3.36,,,,
QBEKOG,9.02,31/12/29,1:1,2.80,2.81,,,,,
QBEKRE,9.07,31/12/29,1:1,2.75,2.73,2.26,,,,
QBEQRC,9.27,31/12/29,1:1,2.56,2.54,,,,,
QBELOC,9.57,31/12/29,1:1,2.66,2.67,,,,,
QBEKOE,9.58,31/12/29,1:1,2.25,2.26,2.10,-14,451,,
QBEKRC,9.58,31/12/29,1:1,2.25,2.23,2.35,,,,
QBEQRB,9.77,31/12/29,1:1,2.06,2.04,,,,,
QBEQRA,10.02,31/12/29,1:1,1.81,1.785,,,,,
QBEKOH,10.03,31/12/29,1:1,1.795,1.805,,,,,
QBELOA,10.36,31/12/29,1:1,1.865,1.875,2.20,,,,
,
QR National Last Sale Price $3.73,
QRNKMB,2.02,31/12/29,1:1,1.70,1.725,1.775,,,,
QRNKMA,2.39,31/12/29,1:1,1.325,1.35,1.32,,,,
QRNKOC,2.61,31/12/29,1:1,1.125,1.135,1.16,,,,
QRNKRA,2.80,31/12/29,1:1,.93,.935,.79,,,,
QRNKRB,2.92,31/12/29,1:1,.81,.815,.91,,,,
QRNKOA,3.02,31/12/29,1:1,.71,.72,.765,,,,
QRNKRC,3.13,31/12/29,1:1,.60,.605,,,,,
,
Ramsay Health Care Last Sale Price $18.58,
RHCKMA,15.20,31/12/29,1:1,3.37,3.40,3.57,,,,
,
Rio Tinto Last Sale Price $69.28,
RIOXOE,60.00,29/03/12,4:1,2.62,2.63,1.825,,,,
RIOXOH,62.00,29/03/12,4:1,2.12,2.13,1.61,,,,
RIOXOG,64.00,29/03/12,4:1,1.605,1.615,1.725,,,,
RIOXOF,66.00,29/03/12,4:1,1.09,1.10,1.185,-31.5,30,,
RIOKZC,23.01,31/12/29,1:1,46.24,,46.12,,,,
RIOQRD,40.07,31/12/29,1:1,29.19,29.22,,,,,
RIOKOA,43.05,31/12/29,1:1,26.20,26.21,28.94,,,,
RIOKZE,48.21,31/12/29,1:1,21.05,,22.20,,,,
RIOKME,50.32,31/12/29,1:1,18.95,18.98,16.48,,,,
RIOLOF,50.40,31/12/29,1:1,20.26,20.27,,,,,
RIOKRG,51.06,31/12/29,1:1,18.20,18.23,19.96,,,,
RIOKOH,51.79,31/12/29,1:1,17.47,17.48,19.90,,,,
RIOKRA,53.29,31/12/29,1:1,15.96,15.99,,,,,
RIOQRC,53.59,31/12/29,1:1,15.67,15.70,,,,,
RIOKRF,54.19,31/12/29,1:1,15.07,15.10,14.96,-141,42,,
RIOKOJ,54.25,31/12/29,1:1,15.00,15.01,15.50,,,,
RIOKRO,54.35,31/12/29,1:1,14.90,14.93,13.05,,,,
RIOKRJ,54.88,31/12/29,1:1,14.37,14.40,14.75,-37,130,,
RIOKRN,55.09,31/12/29,1:1,14.16,14.19,14.88,,,,
RIOKMJ,55.21,31/12/29,1:1,14.05,14.08,15.89,,,,
RIOLOE,55.44,31/12/29,1:1,15.22,15.23,,,,,
RIOKOI,56.97,31/12/29,1:1,12.29,12.30,12.90,,,,
RIOKMG,57.26,31/12/29,1:1,12.00,12.03,13.81,,,,
RIOKOK,58.66,31/12/29,1:1,10.60,10.61,,,,,
RIOKRB,59.19,31/12/29,1:1,10.06,10.09,10.02,-85,10,,
RIOKML,59.91,31/12/29,1:1,9.35,9.38,9.72,,,,
RIOLOC,59.97,31/12/29,1:1,10.59,10.60,12.45,,,,
RIOKOL,60.16,31/12/29,1:1,9.09,9.10,9.64,,,,
RIOKRD,60.19,31/12/29,1:1,9.06,9.09,11.40,,,,
RIOKRE,61.20,31/12/29,1:1,8.06,8.09,8.00,-45,600,,
RIOLOD,62.49,31/12/29,1:1,8.16,8.17,11.07,,,,
RIOKMM,63.23,31/12/29,1:1,6.03,6.06,7.79,,,,
RIOKOM,63.67,31/12/29,1:1,5.58,5.59,6.08,-60,160,,
RIOKMN,65.10,31/12/29,1:1,4.17,4.20,4.16,-126,103,,
,
ResMed Inc Last Sale Price $2.76,
RMDKMA,1.52,31/12/29,1:1,1.225,1.25,.96,,,,
RMDKOC,1.57,31/12/29,1:1,1.17,1.18,.835,,,,
RMDKRA,2.08,31/12/29,1:1,.665,.68,.65,,,,
RMDKOA,2.10,31/12/29,1:1,.64,.65,.67,,,,
RMDKRB,2.15,31/12/29,1:1,.595,.61,,,,,
RMDKRD,2.41,31/12/29,1:1,.34,.355,,,,,
,
Resolute Min Last Sale Price $2.09,
RSGKOA,1.04,31/12/29,1:1,1.05,1.06,1.065,,,,
RSGKOB,1.30,31/12/29,1:1,.79,.80,,,,,
,
Sundance Res Last Sale Price $0.42,
SDLKOC,0.21,31/12/29,1:1,.21,.22,.26,,,,
SDLKOB,0.26,31/12/29,1:1,.16,.17,.15,,,,
,
Seek Last Sale Price $5.45,
SEKKMA,3.06,31/12/29,1:1,2.37,2.40,,,,,
SEKKOB,3.09,31/12/29,1:1,2.35,2.36,2.69,,,,
SEKKRA,4.01,31/12/29,1:1,1.435,1.435,2.76,,,,
SEKKOA,4.16,31/12/29,1:1,1.285,1.295,.52,,,,
SEKKRC,4.27,31/12/29,1:1,1.175,1.18,,,,,
SEKKRB,4.56,31/12/29,1:1,.885,.89,,,,,
,
Sandfire Res Last Sale Price $8.20,
SFRKRA,4.15,31/12/29,1:1,4.07,4.06,4.07,-9,40,,
SFRKOB,4.15,31/12/29,1:1,4.08,4.09,2.98,,,,
SFRKOC,4.71,31/12/29,1:1,3.51,3.52,1.84,,,,
SFRKRG,5.08,31/12/29,1:1,3.14,3.13,3.14,+68,100,,
SFRKRF,5.34,31/12/29,1:1,2.87,2.86,1.905,,,,
SFRKRD,5.82,31/12/29,1:1,2.40,2.39,,,,,
,
Sims Metal Mgt Last Sale Price $14.18,
SGMKOA,9.31,31/12/29,1:1,4.90,4.91,4.48,,,,
SGMKOB,10.30,31/12/29,1:1,3.90,3.91,,,,,
SGMKRB,10.39,31/12/29,1:1,3.80,3.79,3.77,,,,
SGMKRD,10.84,31/12/29,1:1,3.35,3.34,3.34,-9,100,,
SGMKRC,11.50,31/12/29,1:1,2.69,2.68,,,,,
SGMKRA,12.00,31/12/29,1:1,2.19,2.18,,,,,
,
Stockland Last Sale Price $3.18,
SGPKOB,1.71,31/12/29,1:1,1.46,1.47,,,,,
SGPKMA,2.19,31/12/29,1:1,.975,1.00,,,,,
SGPKRC,2.42,31/12/29,1:1,.76,.765,,,,,
SGPKRA,2.50,31/12/29,1:1,.68,.685,,,,,
SGPKOC,2.56,31/12/29,1:1,.615,.625,,,,,
SGPKRB,2.70,31/12/29,1:1,.48,.485,,,,,
,
Sonic Healthcare Last Sale Price $11.19,
SHLKMA,9.01,31/12/29,1:1,2.16,2.19,2.23,,,,
SHLKRB,9.27,31/12/29,1:1,1.885,1.92,,,,,
SHLKRA,9.57,31/12/29,1:1,1.585,1.62,1.62,-1,10,,
SHLKRC,9.75,31/12/29,1:1,1.405,1.44,2.54,,,,
,
Santos Last Sale Price $13.79,
STOXOD,12.00,29/03/12,2:1,1.155,1.165,.98,,,,
STOXOE,12.50,29/03/12,2:1,.905,.915,,,,,
STOXOC,12.75,29/03/12,2:1,.775,.785,.605,,,,
STOKRA,8.21,31/12/29,1:1,5.60,5.58,5.45,,,,
STOKOC,8.26,31/12/29,1:1,5.56,5.57,5.39,,,,
STOKMA,9.10,31/12/29,1:1,4.67,4.70,,,,,
STOKRC,9.12,31/12/29,1:1,4.70,4.68,3.71,,,,
STOKZE,9.13,31/12/29,1:1,4.68,,4.03,,,,
STOKRE,9.63,31/12/29,1:1,4.18,4.16,4.11,,,,
STOKRK,10.20,31/12/29,1:1,3.61,3.59,3.42,,,,
STOKRH,10.51,31/12/29,1:1,3.31,3.29,,,,,
STOKOD,10.57,31/12/29,1:1,3.25,3.26,3.06,,,,
STOKRJ,10.68,31/12/29,1:1,3.14,3.12,,,,,
STOKRG,10.78,31/12/29,1:1,3.03,3.01,3.35,,,,
STOKRF,10.92,31/12/29,1:1,2.89,2.87,,,,,
STOKRL,11.05,31/12/29,1:1,2.77,2.75,,,,,
STOKOE,11.28,31/12/29,1:1,2.54,2.55,2.88,,,,
STOKRD,11.54,31/12/29,1:1,2.28,2.26,1.27,,,,
STOKRI,12.04,31/12/29,1:1,1.78,1.755,1.65,,,,
,
SPDR 200 Fund Last Sale Price $39.60,
STWKZB,24.02,31/12/29,1:1,15.55,,16.16,,,,
STWKMA,25.70,31/12/29,1:1,13.88,13.91,,,,,
STWKZD,32.74,31/12/29,1:1,6.82,,6.99,,,,
,
Super Retail Grp Last Sale Price $6.15,
SULKMA,3.59,31/12/29,1:1,2.53,2.56,2.27,,,,
,
Suncorp Grp Last Sale Price $8.30,
SUNKMB,5.03,31/12/29,1:1,3.25,3.28,,,,,
SUNKOC,5.04,31/12/29,1:1,3.25,3.26,1.86,,,,
SUNKOE,5.55,31/12/29,1:1,2.74,2.75,1.62,,,,
SUNKMA,6.29,31/12/29,1:1,1.995,2.02,,,,,
SUNKRD,6.34,31/12/29,1:1,1.95,1.965,1.90,,,,
SUNKOD,6.75,31/12/29,1:1,1.545,1.555,1.635,,,,
SUNKRB,6.93,31/12/29,1:1,1.36,1.375,1.715,,,,
SUNKRA,7.22,31/12/29,1:1,1.065,1.08,,,,,
SUNKRC,7.32,31/12/29,1:1,.97,.985,,,,,
,
Seven Grp Hldgs Last Sale Price $8.21,
SVWKMA,3.57,31/12/29,1:1,4.62,4.65,,,,,
,
Seven West Media Last Sale Price $3.52,
SWMKOB,1.55,31/12/29,1:1,1.97,1.98,,,,,
SWMKMA,2.04,31/12/29,1:1,1.465,1.49,,,,,
SWMKOA,2.09,31/12/29,1:1,1.435,1.445,1.26,,,,
SWMKRC,2.53,31/12/29,1:1,.995,.99,,,,,
SWMKRB,2.65,31/12/29,1:1,.875,.87,1.745,,,,
SWMKRA,2.75,31/12/29,1:1,.78,.775,1.69,,,,
,
Sydney Airport Last Sale Price $2.65,
SYDKOA,1.83,31/12/29,1:1,.81,.82,.74,,,,
SYDKOB,2.05,31/12/29,1:1,.59,.60,,,,,
SYDKRB,2.16,31/12/29,1:1,.48,.495,,,,,
SYDKRA,2.22,31/12/29,1:1,.42,.435,.93,,,,
SYDKRC,2.32,31/12/29,1:1,.32,.335,,,,,
,
Tabcorp Hldgs Last Sale Price $2.75,
TAHKMA,1.71,31/12/29,1:1,1.025,1.05,,,,,
TAHKOA,1.79,31/12/29,1:1,.94,.95,.925,,,,
TAHKRC,2.09,31/12/29,1:1,.635,.66,,,,,
TAHKRA,2.16,31/12/29,1:1,.57,.595,.75,,,,
TAHKOB,2.17,31/12/29,1:1,.565,.575,.535,-2,1600,,
TAHKRD,2.23,31/12/29,1:1,.495,.52,,,,,
TAHKRB,2.32,31/12/29,1:1,.41,.435,,,,,
,
Transurban Grp Last Sale Price $5.61,
TCLKOA,4.09,31/12/29,1:1,1.51,1.52,.86,,,,
TCLKMA,4.10,31/12/29,1:1,1.495,1.52,,,,,
TCLKRD,4.21,31/12/29,1:1,1.39,1.405,,,,,
TCLKRB,4.52,31/12/29,1:1,1.075,1.09,,,,,
TCLKRC,4.69,31/12/29,1:1,.91,.925,,,,,
TCLKRA,4.83,31/12/29,1:1,.765,.78,,,,,
,
Telecom Corp of NZ Last Sale Price $1.70,
TELKMA,0.87,31/12/29,1:1,.815,.84,.74,,,,
,
Ten Network Hldgs Last Sale Price $0.89,
TENKMA,0.46,31/12/29,1:1,.415,.44,.425,-.5,250,,
TENKOD,0.46,31/12/29,1:1,.415,.425,.435,,,,
TENKRB,0.57,31/12/29,1:1,.305,.315,.30,,,,
TENKRA,0.68,31/12/29,1:1,.195,.205,,,,,
TENKOC,0.69,31/12/29,1:1,.185,.195,.245,,,,
TENKRC,0.76,31/12/29,1:1,.12,.13,,,,,
,
Telstra Corp Last Sale Price $3.41,
TLSXOA,3.00,29/03/12,2:1,.295,.305,,,,,
TLSXOB,3.20,29/03/12,2:1,.195,.205,,,,,
TLSKZE,1.95,31/12/29,1:1,1.46,,1.165,,,,
TLSKZD,2.10,31/12/29,1:1,1.305,,1.115,,,,
TLSKZG,2.27,31/12/29,1:1,1.135,,1.005,,,,
TLSKOA,2.44,31/12/29,1:1,.965,.975,.75,,,,
TLSKMB,2.46,31/12/29,1:1,.94,.965,,,,,
TLSKRD,2.50,31/12/29,1:1,.905,.91,.745,,,,
TLSKRC,2.56,31/12/29,1:1,.845,.85,.78,,,,
TLSKRF,2.70,31/12/29,1:1,.71,.715,.46,,,,
TLSKMD,2.72,31/12/29,1:1,.68,.705,.65,,,,
TLSKRB,2.77,31/12/29,1:1,.64,.645,.52,,,,
TLSLOA,2.80,31/12/29,1:1,.675,.685,,,,,
TLSKOC,2.80,31/12/29,1:1,.60,.61,.63,,,,
TLSKME,2.90,31/12/29,1:1,.495,.52,.46,,,,
TLSKRE,2.91,31/12/29,1:1,.50,.505,.53,,,,
TLSKRG,3.01,31/12/29,1:1,.40,.405,.375,,,,
TLSKMC,3.05,31/12/29,1:1,.35,.375,.395,,,,
TLSKOB,3.05,31/12/29,1:1,.355,.365,.39,,,,
TLSLOB,3.06,31/12/29,1:1,.415,.425,.37,,,,
TLSKRA,3.08,31/12/29,1:1,.33,.335,.365,+2.5,500,,
TLSKRH,3.11,31/12/29,1:1,.295,.30,.285,,,,
,
Toll Hldgs Last Sale Price $5.10,
TOLKOA,3.01,31/12/29,1:1,2.08,2.09,1.81,,,,
TOLKMB,3.06,31/12/29,1:1,2.02,2.05,,,,,
TOLKOB,3.52,31/12/29,1:1,1.565,1.575,,,,,
TOLKRD,3.62,31/12/29,1:1,1.465,1.48,.93,,,,
TOLKRA,3.72,31/12/29,1:1,1.37,1.385,1.25,,,,
TOLKRC,3.83,31/12/29,1:1,1.26,1.275,1.27,,,,
TOLKRB,4.31,31/12/29,1:1,.775,.79,.785,+2,40,,
,
Tatts Grp Last Sale Price $2.50,
TTSKRB,1.71,31/12/29,1:1,.785,.79,,,,,
TTSKOA,1.74,31/12/29,1:1,.76,.77,,,,,
TTSKMA,1.77,31/12/29,1:1,.72,.745,,,,,
TTSKRC,1.86,31/12/29,1:1,.635,.64,,,,,
TTSKRA,2.05,31/12/29,1:1,.45,.455,,,,,
,
Treasury Wine Estates Last Sale Price $3.63,
TWEKOA,2.59,31/12/29,1:1,1.045,1.055,1.205,,,,
TWEKRA,2.64,31/12/29,1:1,.99,.995,,,,,
TWEQRA,2.82,31/12/29,1:1,.805,.81,,,,,
TWEKRB,2.93,31/12/29,1:1,.70,.705,,,,,
TWEKOB,3.09,31/12/29,1:1,.54,.55,.61,,,,
,
UGL Last Sale Price $13.21,
UGLKMB,7.24,31/12/29,1:1,5.95,5.98,,,,,
UGLKZC,8.17,31/12/29,1:1,5.06,,5.21,,,,
UGLKRB,9.86,31/12/29,1:1,3.36,3.35,4.15,,,,
UGLKRC,10.67,31/12/29,1:1,2.56,2.55,,,,,
UGLKMA,11.04,31/12/29,1:1,2.15,2.18,2.05,,,,
UGLKRA,11.74,31/12/29,1:1,1.49,1.475,3.43,,,,
,
Westpac Banking Last Sale Price $20.90,
WBCXOG,18.50,29/03/12,2:1,1.475,1.485,1.355,,,,
WBCXOD,19.00,29/03/12,2:1,1.225,1.235,1.38,+16,10,,
WBCXOE,19.50,29/03/12,2:1,.97,.98,.30,,,,
WBCXOF,20.00,29/03/12,2:1,.715,.725,.90,,,,
WBCKMH,8.13,31/12/29,1:1,12.74,12.77,,,,,
WBCKMF,9.55,31/12/29,1:1,11.32,11.35,,,,,
WBCKZJ,10.30,31/12/29,1:1,10.57,,11.84,,,,
WBCKOA,11.98,31/12/29,1:1,8.90,8.91,10.90,,,,
WBCKMB,12.26,31/12/29,1:1,8.61,8.64,8.80,,,,
WBCKZK,12.46,31/12/29,1:1,8.41,,7.34,,,,
WBCKME,13.71,31/12/29,1:1,7.17,7.20,7.58,,,,
WBCLOB,14.71,31/12/29,1:1,6.57,6.58,,,,,
WBCKRG,14.85,31/12/29,1:1,6.02,6.05,5.99,,,,
WBCKOE,14.94,31/12/29,1:1,5.95,5.96,6.12,,,,
WBCKRF,15.29,31/12/29,1:1,5.59,5.62,6.17,,,,
WBCKZM,15.43,31/12/29,1:1,5.44,,5.67,,,,
WBCKMC,15.89,31/12/29,1:1,4.99,5.02,6.13,,,,
WBCLOD,16.13,31/12/29,1:1,5.21,5.22,,,,,
WBCKOB,16.89,31/12/29,1:1,4.00,4.01,4.27,,,,
WBCKRE,16.90,31/12/29,1:1,3.97,4.00,4.00,,,,
WBCKMA,17.02,31/12/29,1:1,3.85,3.88,4.42,,,,
WBCLOA,17.24,31/12/29,1:1,4.15,4.16,4.00,,,,
WBCKRD,17.42,31/12/29,1:1,3.46,3.49,4.35,,,,
WBCKRB,17.85,31/12/29,1:1,3.02,3.05,3.05,,,,
WBCKRH,18.10,31/12/29,1:1,2.78,2.81,3.66,,,,
WBCKOF,18.24,31/12/29,1:1,2.65,2.66,2.60,-31,40,,
WBCKMG,18.29,31/12/29,1:1,2.59,2.62,2.61,,,,
WBCKRC,18.44,31/12/29,1:1,2.44,2.47,2.79,,,,
WBCKRA,18.64,31/12/29,1:1,2.24,2.27,2.85,,,,
WBCKRN,18.81,31/12/29,1:1,2.06,2.09,1.415,,,,
WBCKOG,18.84,31/12/29,1:1,2.04,2.05,2.26,-6,4000,,
WBCKRK,19.08,31/12/29,1:1,1.80,1.825,1.92,,,,
WBCLOC,19.26,31/12/29,1:1,2.12,2.13,1.945,,,,
WBCKRO,19.66,31/12/29,1:1,1.215,1.24,1.15,-20,83,,
,
Westfield Grp Last Sale Price $8.37,
WDCKOA,4.95,31/12/29,1:1,3.43,3.44,3.50,,,,
WDCKMA,5.83,31/12/29,1:1,2.52,2.55,1.485,,,,
WDCKRC,6.16,31/12/29,1:1,2.21,2.21,2.21,+5,15,,
WDCKRA,6.47,31/12/29,1:1,1.905,1.90,1.74,,,,
WDCKOD,6.53,31/12/29,1:1,1.855,1.865,1.94,,,,
WDCKRB,6.75,31/12/29,1:1,1.625,1.62,1.85,,,,
WDCKRD,7.17,31/12/29,1:1,1.205,1.20,1.06,,,,
,
Wesfarmers Last Sale Price $29.55,
WESXOC,26.00,29/03/12,2:1,2.10,2.11,2.20,,,,
WESXOG,28.00,29/03/12,2:1,1.085,1.095,1.68,,,,
WESKMB,19.71,31/12/29,1:1,9.82,9.85,10.44,,,,
WESKOC,20.10,31/12/29,1:1,9.50,9.51,,,,,
WESKRD,21.28,31/12/29,1:1,8.32,8.28,12.05,,,,
WESKRB,22.30,31/12/29,1:1,7.29,7.25,9.77,,,,
WESLOB,23.82,31/12/29,1:1,6.38,6.39,,,,,
WESKRI,23.83,31/12/29,1:1,5.76,5.72,3.94,,,,
WESKMA,24.32,31/12/29,1:1,5.22,5.25,6.16,,,,
WESKRH,24.32,31/12/29,1:1,5.28,5.24,3.73,,,,
WESKOB,24.41,31/12/29,1:1,5.18,5.19,5.18,+4,4,,
WESKRE,24.85,31/12/29,1:1,4.75,4.71,5.24,,,,
WESKRF,25.71,31/12/29,1:1,3.89,3.85,3.96,,,,
WESKRA,26.01,31/12/29,1:1,3.58,3.54,7.05,,,,
WESKRG,26.52,31/12/29,1:1,3.08,3.04,4.91,,,,
WESLOA,26.92,31/12/29,1:1,3.27,3.28,3.35,,,,
WESLOC,28.22,31/12/29,1:1,2.07,2.08,,,,,
,
Whitehaven Coal Last Sale Price $5.55,
WHCKMA,3.06,31/12/29,1:1,2.47,2.50,2.42,,,,
WHCKOA,3.57,31/12/29,1:1,1.96,1.97,2.02,,,,
WHCKOB,4.12,31/12/29,1:1,1.41,1.42,1.26,,,,
WHCQRA,4.23,31/12/29,1:1,1.305,1.32,,,,,
WHCKZA,4.26,31/12/29,1:1,1.28,,1.535,,,,
WHCKRB,4.51,31/12/29,1:1,1.03,,.555,,,,
WHCKRC,4.61,31/12/29,1:1,.93,.945,1.425,,,,
,
WorleyParsons Last Sale Price $28.00,
WORKZD,9.30,31/12/29,1:1,18.65,,19.07,,,,
WORKOB,16.79,31/12/29,1:1,11.18,11.19,,,,,
WORKRG,19.77,31/12/29,1:1,8.18,8.23,7.21,,,,
WORKMA,20.29,31/12/29,1:1,7.70,7.73,8.42,,,,
WORKOA,21.11,31/12/29,1:1,6.86,6.87,6.27,,,,
WORKRJ,21.18,31/12/29,1:1,6.78,6.83,,,,,
WORKRF,21.80,31/12/29,1:1,6.16,6.21,,,,,
WORKRH,21.94,31/12/29,1:1,6.01,6.06,5.05,,,,
WORKRD,22.25,31/12/29,1:1,5.71,5.76,,,,,
WORKRC,22.55,31/12/29,1:1,5.40,5.45,6.49,,,,
WORKRE,22.92,31/12/29,1:1,5.03,5.08,4.69,,,,
WORKRI,23.07,31/12/29,1:1,4.89,4.94,4.72,,,,
WORKRA,23.58,31/12/29,1:1,4.38,4.43,4.55,,,,
WORKRB,24.58,31/12/29,1:1,3.38,3.43,,,,,
,
Woolworths Last Sale Price $24.99,
WOWXOC,23.00,29/03/12,2:1,1.20,1.21,,,,,
WOWXOA,24.00,29/03/12,2:1,.685,.695,1.40,,,,
WOWKMB,18.68,31/12/29,1:1,6.30,6.33,5.97,,,,
WOWKOB,19.33,31/12/29,1:1,5.68,5.69,5.44,+7,20,,
WOWKZE,20.06,31/12/29,1:1,4.94,,5.61,,,,
WOWKRC,20.23,31/12/29,1:1,4.76,4.76,4.21,,,,
WOWKRB,20.75,31/12/29,1:1,4.24,4.24,4.31,,,,
WOWKRG,21.27,31/12/29,1:1,3.72,3.72,3.50,+44,15,,
WOWKRH,21.75,31/12/29,1:1,3.24,3.24,3.84,,,,
WOWKOA,22.17,31/12/29,1:1,2.83,2.84,2.82,+25,335,,
WOWKZD,22.18,31/12/29,1:1,2.81,,3.75,,,,
WOWKRA,22.31,31/12/29,1:1,2.69,2.69,2.71,+28,100,,
WOWKMA,22.60,31/12/29,1:1,2.37,2.40,2.33,+30,20,,
WOWKRE,22.89,31/12/29,1:1,2.11,2.11,2.24,,,,
WOWKRF,23.05,31/12/29,1:1,1.945,1.94,1.855,+45.5,50,,
,
Woodside Petroleum Last Sale Price $35.17,
WPLXOA,32.00,29/03/12,4:1,1.025,1.035,.87,,,,
WPLXOD,33.00,29/03/12,4:1,.77,.78,.70,,,,
WPLKMH,18.01,31/12/29,1:1,17.14,17.17,12.54,,,,
WPLKMB,24.03,31/12/29,1:1,11.12,11.15,11.29,,,,
WPLKRH,24.33,31/12/29,1:1,10.69,10.84,9.95,,,,
WPLKOF,24.63,31/12/29,1:1,10.41,10.42,9.51,,,,
WPLLOA,24.84,31/12/29,1:1,11.20,11.21,3.78,,,,
WPLKRG,25.42,31/12/29,1:1,9.60,9.75,10.00,,,,
WPLKRB,25.91,31/12/29,1:1,9.11,9.26,9.20,-14,20,,
WPLKOB,26.42,31/12/29,1:1,8.63,8.64,8.42,,,,
WPLQRA,26.79,31/12/29,1:1,8.23,8.38,,,,,
WPLKOI,26.93,31/12/29,1:1,8.11,8.12,7.64,,,,
WPLKRD,27.23,31/12/29,1:1,7.80,7.95,6.90,,,,
WPLKRC,27.72,31/12/29,1:1,7.30,7.45,6.34,,,,
WPLKME,27.80,31/12/29,1:1,7.35,7.38,7.47,,,,
WPLKOH,27.83,31/12/29,1:1,7.22,7.23,6.28,,,,
WPLLOB,27.96,31/12/29,1:1,8.09,8.10,4.13,,,,
WPLQRC,28.30,31/12/29,1:1,6.73,6.88,,,,,
WPLKOE,29.08,31/12/29,1:1,5.97,5.98,6.52,,,,
WPLKRA,29.09,31/12/29,1:1,5.93,6.08,6.53,,,,
WPLLOD,29.21,31/12/29,1:1,6.84,6.85,,,,,
WPLQRD,29.55,31/12/29,1:1,5.47,5.62,,,,,
WPLKMG,29.61,31/12/29,1:1,5.54,5.57,3.74,,,,
WPLQRB,30.10,31/12/29,1:1,4.93,5.08,,,,,
,
Westfield Retail Tr Last Sale Price $2.35,
WRTKOA,1.62,31/12/29,1:1,.725,.735,,,,,
WRTKRB,1.83,31/12/29,1:1,.52,,.795,,,,
WRTKRA,1.95,31/12/29,1:1,.395,.40,.65,,,,
WRTKMA,1.96,31/12/29,1:1,.38,.405,,,,,
WRTKOB,2.02,31/12/29,1:1,.32,.33,,,,,
WRTKRC,2.03,31/12/29,1:1,.315,.32,,,,,
,
Western Areas Last Sale Price $5.56,
WSAKMA,3.29,31/12/29,1:1,2.25,2.28,,,,,
WSAKOA,3.52,31/12/29,1:1,2.06,2.07,,,,,
WSAKRD,3.80,31/12/29,1:1,1.775,1.76,1.805,,,,
WSAKRA,4.06,31/12/29,1:1,1.515,1.50,1.195,,,,
WSAKRC,4.16,31/12/29,1:1,1.415,1.40,,,,,
WSAKRB,4.24,31/12/29,1:1,1.34,1.325,,,,,
,
Wotif.com Hldgs Last Sale Price $3.99,
WTFKMB,1.84,31/12/29,1:1,2.13,2.16,,,,,
,
Crude Oil (Nymex) futures,
ZCLKRO,62.91,31/12/29,.10:1,3.74,3.78,3.78,,,,
ZCLKOD,64.27,31/12/29,.10:1,3.37,3.40,,,,,
ZCLQRC,70.52,31/12/29,.10:1,2.80,2.81,,,,,
ZCLKRB,71.97,31/12/29,.10:1,2.84,2.87,2.85,,,,
ZCLKOC,72.30,31/12/29,.10:1,2.62,2.65,,,,,
ZCLKRE,76.67,31/12/29,.10:1,2.22,2.25,2.22,+3,9,,
ZCLKOB,80.33,31/12/29,.10:1,1.865,1.895,,,,,
ZCLKRF,81.43,31/12/29,.10:1,1.77,1.80,2.89,,,,
ZCLKOA,84.09,31/12/29,.10:1,1.51,1.54,,,,,
ZCLKRD,84.61,31/12/29,.10:1,1.475,1.50,1.51,,,,
ZCLKRA,86.71,31/12/29,.10:1,1.365,1.395,2.27,,,,
ZCLKRG,86.71,31/12/29,.10:1,1.28,1.305,1.075,,,,
,
Comex Gold Futures,
ZGCKZA,851.89,31/12/29,.01:1,8.10,,10.10,,,,
ZGCKZB,977.85,31/12/29,.01:1,6.92,,8.47,,,,
ZGCQRH,1101.99,31/12/29,.01:1,5.77,5.78,,,,,
ZGCKZC,1181.99,31/12/29,.01:1,5.01,,4.67,,,,
ZGCQRG,1202.17,31/12/29,.01:1,4.83,4.85,,,,,
ZGCKOD,1257.72,31/12/29,.01:1,4.29,4.32,,,,,
ZGCKRA,1288.16,31/12/29,.01:1,4.02,4.05,4.27,,,,
ZGCKZD,1322.72,31/12/29,.01:1,3.70,,3.78,,,,
ZGCKRK,1328.19,31/12/29,.01:1,3.90,3.93,4.10,,,,
ZGCKOC,1358.14,31/12/29,.01:1,3.35,3.38,,,,,
ZGCQRA,1381.15,31/12/29,.01:1,3.38,3.39,,,,,
ZGCKRF,1382.84,31/12/29,.01:1,3.13,3.17,3.39,,,,
ZGCQRB,1431.19,31/12/29,.01:1,2.88,2.89,,,,,
ZGCKRJ,1455.45,31/12/29,.01:1,2.46,2.48,2.59,,,,
ZGCKOB,1458.55,31/12/29,.01:1,2.41,2.44,2.72,,,,
ZGCQRD,1481.23,31/12/29,.01:1,2.37,2.39,,,,,
ZGCKOA,1558.97,31/12/29,.01:1,1.47,1.50,1.795,,,,
,
Comex Copper Futures,
ZHGKOD,2.26,31/12/29,1:1,1.455,1.485,,,,,
ZHGKOC,2.51,31/12/29,1:1,1.22,1.25,,,,,
ZHGKOB,2.76,31/12/29,1:1,.985,1.015,,,,,
ZHGKOA,3.01,31/12/29,1:1,.75,.78,,,,,
ZHGKRE,272.15,31/12/29,.10:1,11.08,11.13,,,,,
ZHGKRD,287.38,31/12/29,.10:1,8.94,8.99,10.50,,,,
ZHGKRI,292.83,31/12/29,.10:1,8.43,8.48,,,,,
ZHGQRB,300.25,31/12/29,.10:1,8.28,8.30,,,,,
ZHGKRB,301.13,31/12/29,.10:1,7.66,7.70,8.00,,,,
ZHGKRH,311.16,31/12/29,.10:1,6.72,6.76,,,,,
ZHGKRC,321.20,31/12/29,.10:1,5.78,5.82,9.24,,,,
ZHGQRE,330.28,31/12/29,.10:1,5.28,5.30,,,,,
ZHGKRA,331.24,31/12/29,.10:1,4.84,4.88,5.46,,,,
,
Nymex Natural Gas,
ZNGKRF,1.91,31/12/29,1:1,.49,.515,.71,,,,
ZNGQRB,1.95,31/12/29,1:1,.455,.46,,,,,
ZNGKRE,2.01,31/12/29,1:1,.40,.42,.44,,,,
ZNGQRA,2.05,31/12/29,1:1,.36,.37,,,,,
ZNGKRA,2.61,31/12/29,1:1,,,.55,,,,
,
Palladium Futures (CME),
ZPAKRD,508.12,31/12/29,.01:1,1.86,1.90,,,,,
ZPAKRB,519.29,31/12/29,.01:1,1.635,1.675,,,,,
ZPAKRC,539.25,31/12/29,.01:1,1.45,1.49,,,,,
ZPAKRE,552.07,31/12/29,.01:1,1.42,1.46,1.46,,,,
ZPAKRA,577.16,31/12/29,.01:1,1.095,1.135,,,,,
,
Platinum Futures (CME),
ZPLKRC,1018.22,31/12/29,.01:1,5.84,5.88,4.03,,,,
ZPLKRB,1206.85,31/12/29,.01:1,4.07,4.11,,,,,
ZPLKRD,1209.54,31/12/29,.01:1,4.32,4.36,,,,,
ZPLKRA,1304.88,31/12/29,.01:1,3.15,3.19,,,,,
ZPLKRE,1304.88,31/12/29,.01:1,3.37,3.41,,,,,
,
Comex Silver Futures,
ZSIKOD,14.06,31/12/29,.10:1,1.815,1.845,,,,,
ZSIKOC,18.08,31/12/29,.10:1,1.435,1.465,,,,,
ZSIKRB,20.13,31/12/29,.10:1,1.335,1.36,1.355,,,,
ZSIKRH,20.45,31/12/29,.10:1,1.215,1.24,1.28,,,,
ZSIKZB,21.41,31/12/29,.10:1,1.125,,1.025,,,,
ZSIKOB,22.09,31/12/29,.10:1,1.06,1.09,,,,,
ZSIKRC,23.98,31/12/29,.10:1,.95,,.78,,,,
ZSIKRG,24.14,31/12/29,.10:1,.87,.895,.87,,,,
ZSIQRN,25.05,31/12/29,.10:1,.795,.805,,,,,
ZSIQRA,26.04,31/12/29,.10:1,.75,.755,.815,,,,
ZSIQRO,26.05,31/12/29,.10:1,.705,.71,,,,,
ZSIKOA,26.11,31/12/29,.10:1,.685,.715,,,,,
ZSIKRD,27.55,31/12/29,.10:1,.56,.57,.62,,,,
ZSIQRG,28.05,31/12/29,.10:1,.55,.555,,,,,
ZSIKRI,28.55,31/12/29,.10:1,.47,.475,,,,,
,
Barrier Put Warrants,
AGL Energy Last Sale Price $14.29,
AGKKRQ,17.03,31/12/29,1:1,2.77,2.74,,,,,
AGKKOP,17.50,31/12/29,1:1,3.24,3.25,3.38,,,,
AGKKRR,18.01,31/12/29,1:1,3.75,3.72,,,,,
AGKKMP,19.03,31/12/29,1:1,4.73,4.76,,,,,
AGKKRP,19.04,31/12/29,1:1,4.79,4.76,4.54,,,,
AGKKOZ,20.04,31/12/29,1:1,5.79,5.80,5.31,,,,
,
Atlas Iron Last Sale Price $3.30,
AGOKOQ,4.01,31/12/29,1:1,.705,.715,.955,,,,
AGOKRT,4.37,31/12/29,1:1,1.055,1.07,,,,,
AGOKOP,4.60,31/12/29,1:1,1.295,1.305,2.43,,,,
AGOKRP,4.76,31/12/29,1:1,1.45,1.465,1.42,-7.5,46,,
AGOKRR,5.02,31/12/29,1:1,1.71,1.725,1.91,,,,
AGOKMP,5.05,31/12/29,1:1,1.735,1.76,2.05,,,,
,
Asciano Last Sale Price $4.59,
AIOKRQ,5.50,31/12/29,1:1,.91,.915,,,,,
AIOKRR,5.61,31/12/29,1:1,1.015,1.02,,,,,
AIOKRP,5.71,31/12/29,1:1,1.115,1.12,1.10,,,,
AIOKOP,6.00,31/12/29,1:1,1.415,1.425,,,,,
AIOKOQ,6.32,31/12/29,1:1,1.73,1.74,,,,,
AIOKMP,7.51,31/12/29,1:1,2.90,2.93,.555,,,,
,
Aristocrat Leisure Last Sale Price $2.42,
ALLKOQ,3.11,31/12/29,1:1,.68,.69,.655,,,,
ALLKOP,3.30,31/12/29,1:1,.875,.885,.685,,,,
ALLKMP,5.01,31/12/29,1:1,2.57,2.60,,,,,
,
Amcor Last Sale Price $6.90,
AMCKRP,8.52,31/12/29,1:1,1.615,1.62,1.61,,,,
AMCKOP,8.68,31/12/29,1:1,1.77,1.78,1.32,,,,
AMCKRR,8.76,31/12/29,1:1,1.86,1.865,,,,,
AMCKRQ,9.03,31/12/29,1:1,2.13,2.14,,,,,
AMCKMP,10.02,31/12/29,1:1,3.10,3.13,,,,,
AMCKOQ,10.02,31/12/29,1:1,3.12,3.13,2.96,,,,
,
AMP Last Sale Price $4.32,
AMPLOR,4.50,31/12/29,1:1,.305,.315,,,,,
AMPKRT,5.00,31/12/29,1:1,.68,.685,,,,,
AMPLOQ,5.01,31/12/29,1:1,.795,.805,,,,,
AMPKOP,5.12,31/12/29,1:1,.80,.81,1.015,,,,
AMPKMQ,5.20,31/12/29,1:1,.87,.895,.85,,,,
AMPKRS,5.27,31/12/29,1:1,.945,.95,1.14,,,,
AMPLOS,5.50,31/12/29,1:1,1.305,1.315,,,,,
AMPKRR,5.51,31/12/29,1:1,1.185,1.19,,,,,
AMPKOQ,5.51,31/12/29,1:1,1.195,1.205,2.44,,,,
AMPKMP,5.76,31/12/29,1:1,1.425,1.45,1.49,,,,
AMPKOS,6.01,31/12/29,1:1,1.69,1.70,1.885,,,,
AMPKRQ,6.02,31/12/29,1:1,1.70,1.705,1.635,,,,
AMPKZR,7.44,31/12/29,1:1,3.12,,2.87,,,,
,
ANZ Banking Grp Last Sale Price $21.69,
ANZXOQ,22.00,29/03/12,2:1,.33,.34,.465,,,,
ANZXOR,22.50,29/03/12,2:1,.565,.575,.625,+12,450,,
ANZXOP,23.00,29/03/12,2:1,.805,.815,.81,+5,251,,
ANZXOS,24.00,29/03/12,2:1,1.285,1.295,1.32,,15,,
ANZLOS,22.50,31/12/29,1:1,1.245,1.255,1.225,-7,138,,
ANZKOT,23.03,31/12/29,1:1,1.32,1.33,1.205,-11.5,200,,
ANZKRX,23.04,31/12/29,1:1,1.335,1.35,2.20,,,,
ANZLOQ,23.31,31/12/29,1:1,2.00,2.01,2.01,,,,
ANZKRP,23.34,31/12/29,1:1,1.635,1.65,1.68,-8,50,,
ANZLOP,23.79,31/12/29,1:1,2.48,2.49,2.79,,,,
ANZKRU,23.79,31/12/29,1:1,2.09,2.11,2.66,,,,
ANZKRY,24.09,31/12/29,1:1,2.38,2.40,2.69,,,,
ANZKMS,24.23,31/12/29,1:1,2.52,2.55,2.85,,,,
ANZKOR,24.30,31/12/29,1:1,2.60,2.61,2.61,+11,1716,,
ANZKRQ,24.33,31/12/29,1:1,2.63,2.65,2.55,-13,30,,
ANZKRZ,24.79,31/12/29,1:1,3.08,3.10,3.06,-37,150,,
ANZKOS,25.03,31/12/29,1:1,3.32,3.33,4.59,,,,
ANZQRA,25.14,31/12/29,1:1,3.43,3.45,,,,,
ANZLOR,25.31,31/12/29,1:1,4.01,4.02,,,,,
ANZQRP,25.79,31/12/29,1:1,4.08,4.10,4.38,,,,
ANZKOP,26.07,31/12/29,1:1,4.36,4.37,4.53,,,,
ANZQRQ,26.09,31/12/29,1:1,4.38,4.40,,,,,
ANZKMR,26.29,31/12/29,1:1,4.58,4.61,4.87,,,,
ANZKRS,26.34,31/12/29,1:1,4.64,4.66,5.90,,,,
ANZKZX,26.43,31/12/29,1:1,4.73,,5.30,,,,
ANZKMQ,28.30,31/12/29,1:1,6.58,6.61,7.41,,,,
ANZKOQ,29.90,31/12/29,1:1,8.19,8.20,10.43,,,,
ANZKMT,30.30,31/12/29,1:1,8.58,8.61,7.95,,,,
ANZKMP,32.31,31/12/29,1:1,10.59,10.62,3.20,,,,
,
APA Grp Last Sale Price $4.69,
APAKRS,5.60,31/12/29,1:1,.895,.91,,,,,
APAKRP,5.80,31/12/29,1:1,1.10,1.115,.865,,,,
APAKOP,5.86,31/12/29,1:1,1.155,1.165,2.02,,,,
APAKRQ,6.00,31/12/29,1:1,1.30,1.315,1.155,,,,
,
Aquila Res Last Sale Price $5.62,
AQAKMP,9.51,31/12/29,1:1,3.87,3.90,3.70,,,,
,
ASX Last Sale Price $30.24,
ASXKOZ,36.01,31/12/29,1:1,5.81,5.82,8.60,,,,
ASXKRR,36.10,31/12/29,1:1,5.88,5.86,,,,,
ASXKRQ,36.54,31/12/29,1:1,6.33,6.31,4.65,,,,
ASXKRP,37.04,31/12/29,1:1,6.83,6.81,7.02,,,,
ASXKOP,38.04,31/12/29,1:1,7.84,7.85,7.50,,,,
ASXKMP,39.12,31/12/29,1:1,8.87,8.90,8.89,+22,50,,
,
Alumina Last Sale Price $1.18,
AWCKOP,1.62,31/12/29,1:1,.435,.445,.445,+2.5,110,,
AWCKRQ,1.65,31/12/29,1:1,.47,.48,.62,,,,
AWCKRT,1.75,31/12/29,1:1,.57,.58,.72,,,,
AWCKOR,1.82,31/12/29,1:1,.635,.645,,,,,
AWCKRP,1.85,31/12/29,1:1,.67,.68,.76,,,,
AWCKRR,1.95,31/12/29,1:1,.77,.78,.61,,,,
AWCKOQ,1.96,31/12/29,1:1,.77,.78,.70,,,,
AWCKRS,2.10,31/12/29,1:1,.92,.93,,,,,
AWCKMP,2.80,31/12/29,1:1,1.605,1.63,,,,,
,
AWE Last Sale Price $1.60,
AWEKOQ,2.46,31/12/29,1:1,.85,.86,.83,,,,
AWEKOP,2.80,31/12/29,1:1,1.195,1.205,.50,,,,
,
Billabong Int'l Last Sale Price $1.82,
BBGQRP,2.35,31/12/29,1:1,.535,.535,,,,,
BBGKOQ,2.45,31/12/29,1:1,.63,.64,3.71,,,,
BBGKRP,2.50,31/12/29,1:1,.685,.685,.695,,110,,
BBGKRQ,2.75,31/12/29,1:1,.935,.935,2.72,,,,
BBGKOR,3.50,31/12/29,1:1,1.68,1.69,1.665,,,,
BBGKMP,4.00,31/12/29,1:1,2.17,2.20,1.66,,,,
,
Bendigo & Adelaide Bk Last Sale Price $8.07,
BENKRQ,10.01,31/12/29,1:1,1.915,1.94,3.46,,,,
BENKOR,10.25,31/12/29,1:1,2.16,2.17,2.00,,,,
BENKRR,10.51,31/12/29,1:1,2.41,2.44,2.96,,,,
BENKOS,11.02,31/12/29,1:1,2.92,2.93,2.48,,,,
BENKRP,11.03,31/12/29,1:1,2.93,2.96,2.56,,,,
BENKMP,12.03,31/12/29,1:1,3.94,3.97,3.47,,,,
,
BHP Billiton Last Sale Price $36.17,
BHPXOU,38.50,29/03/12,2:1,1.32,1.33,1.335,+26.5,1450,,
BHPXOQ,39.50,29/03/12,2:1,1.81,1.82,1.845,+28.5,100,,
BHPXOR,40.50,29/03/12,2:1,2.32,2.33,1.56,,,,
BHPLOP,40.11,31/12/29,1:1,4.62,4.63,3.90,,,,
BHPQRR,40.52,31/12/29,1:1,4.35,4.36,2.38,,,,
BHPKOV,41.02,31/12/29,1:1,4.83,4.84,4.63,,,,
BHPKRR,41.02,31/12/29,1:1,4.85,4.86,4.61,,,,
BHPKOP,41.05,31/12/29,1:1,4.86,4.87,4.66,,,,
BHPKRU,41.52,31/12/29,1:1,5.35,5.36,5.20,,,,
BHPKMS,41.61,31/12/29,1:1,5.42,5.45,5.45,+101,3,,
BHPKRT,42.02,31/12/29,1:1,5.85,5.86,17.60,,,,
BHPKRY,42.05,31/12/29,1:1,5.88,5.89,5.74,,,,
BHPLOQ,42.12,31/12/29,1:1,6.63,6.64,5.44,,,,
BHPKOT,42.13,31/12/29,1:1,5.94,5.95,5.92,+9,5,,
BHPQRS,42.31,31/12/29,1:1,6.13,6.14,7.65,,,,
BHPKRS,42.52,31/12/29,1:1,6.35,6.36,6.25,,,,
BHPQRT,42.56,31/12/29,1:1,6.38,6.39,,,,,
BHPKMV,42.60,31/12/29,1:1,6.41,6.44,5.09,,,,
BHPQRU,42.81,31/12/29,1:1,6.63,6.64,,,,,
BHPKRZ,43.06,31/12/29,1:1,6.88,6.89,5.46,,,,
BHPQRV,43.31,31/12/29,1:1,7.13,7.14,,,,,
BHPQRW,43.56,31/12/29,1:1,7.39,7.40,7.30,,,,
BHPKOU,43.63,31/12/29,1:1,7.45,7.46,7.40,,,,
BHPQRX,43.81,31/12/29,1:1,7.64,7.65,,,,,
BHPKMR,44.09,31/12/29,1:1,7.90,7.93,7.33,,,,
BHPLOR,44.12,31/12/29,1:1,8.64,8.65,6.92,,,,
BHPKRW,44.14,31/12/29,1:1,7.97,7.98,7.50,,,,
BHPKRQ,44.68,31/12/29,1:1,8.50,8.51,8.42,,,,
BHPQRP,44.84,31/12/29,1:1,8.67,8.68,8.98,,,,
BHPKRX,45.09,31/12/29,1:1,8.92,8.93,8.10,,,,
BHPQRQ,45.34,31/12/29,1:1,9.17,9.18,8.07,,,,
BHPKOW,46.03,31/12/29,1:1,9.84,9.85,2.60,,,,
BHPLOS,46.13,31/12/29,1:1,10.64,10.65,,,,,
BHPKMT,47.10,31/12/29,1:1,10.91,10.94,8.04,,,,
BHPKMQ,50.17,31/12/29,1:1,13.98,14.01,12.53,,,,
BHPKOQ,52.20,31/12/29,1:1,16.02,16.03,15.92,,,,
BHPKMW,60.09,31/12/29,1:1,23.90,23.93,22.09,,,,
,
Bradken Last Sale Price $8.11,
BKNKOP,9.84,15/02/12,1:1,1.495,1.50,1.495,-22.5,60,,
BKNKZQ,9.33,31/12/29,1:1,,,2.14,,,,
BKNKRQ,10.08,31/12/29,1:1,,,3.25,,,,
BKNKRP,11.56,31/12/29,1:1,3.45,3.45,3.40,-54,100,,
BKNKRR,12.31,31/12/29,1:1,4.20,4.20,,,,,
,
Boral Last Sale Price $4.27,
BLDKOP,5.00,31/12/29,1:1,.735,.745,.765,,,,
BLDKRP,5.00,31/12/29,1:1,.73,.735,.73,-1,200,,
BLDKMP,5.09,31/12/29,1:1,.815,.84,,,,,
BLDKOQ,5.71,31/12/29,1:1,1.44,1.45,,,,,
,
Boart Longyear Last Sale Price $3.62,
BLYKOQ,4.26,31/12/29,1:1,.625,.635,,,,,
BLYKOP,4.50,31/12/29,1:1,.865,.875,.90,,,,
BLYKRP,4.80,31/12/29,1:1,1.17,1.185,1.15,,,,
BLYKRS,4.90,31/12/29,1:1,1.27,1.285,,,,,
BLYKRR,5.00,31/12/29,1:1,1.37,1.385,,,,,
BLYKMP,5.01,31/12/29,1:1,1.375,1.40,1.295,,,,
BLYKRQ,5.10,31/12/29,1:1,1.47,1.485,1.81,,,,
BLYKMQ,6.02,31/12/29,1:1,2.38,2.41,,,,,
,
Bank of Qld Last Sale Price $7.19,
BOQKRR,8.50,31/12/29,1:1,1.29,1.315,,,,,
BOQKRQ,9.00,31/12/29,1:1,1.79,1.815,1.46,,,,
BOQKRP,9.52,31/12/29,1:1,2.30,2.33,1.685,,,,
BOQKOP,9.77,31/12/29,1:1,2.57,2.58,2.00,,,,
BOQKOQ,10.74,31/12/29,1:1,3.54,3.55,,,,,
BOQKMP,11.74,31/12/29,1:1,4.54,4.57,4.00,,,,
,
Beach Energy Last Sale Price $1.59,
BPTKOP,2.40,31/12/29,1:1,.805,.815,,,,,
,
BlueScope Steel Last Sale Price $0.40,
BSLKRP,0.50,31/12/29,1:1,.10,.11,.10,,,,
BSLKOP,0.55,31/12/29,1:1,.145,.155,.30,,,,
BSLKRS,0.55,31/12/29,1:1,.15,.16,,,,,
BSLKRT,0.60,31/12/29,1:1,.20,.21,.205,,,,
BSLKOQ,0.65,31/12/29,1:1,.245,.255,.235,,,,
BSLKOR,0.75,31/12/29,1:1,.345,.355,,,,,
BSLKRU,0.95,31/12/29,1:1,.55,.56,.54,,,,
BSLKMP,1.00,31/12/29,1:1,.59,.615,.36,,,,
BSLKMQ,1.50,31/12/29,1:1,1.09,1.115,,,,,
,
Brambles Last Sale Price $7.11,
BXBKRP,8.40,31/12/29,1:1,1.29,1.295,1.15,,,,
BXBKRQ,8.65,31/12/29,1:1,1.54,1.545,,,,,
BXBKOP,8.78,31/12/29,1:1,1.67,1.68,1.565,,,,
BXBKMP,9.02,31/12/29,1:1,1.895,1.92,1.72,,,,
BXBKRR,9.15,31/12/29,1:1,2.04,2.05,1.90,,,,
BXBKOR,9.21,31/12/29,1:1,2.10,2.11,,,,,
,
C'wlth Bank of Aust Last Sale Price $49.96,
CBAXOT,52.00,29/03/12,4:1,.63,.64,.625,,,,
CBAXOU,54.00,29/03/12,4:1,1.205,1.215,.94,,,,
CBALOQ,52.15,31/12/29,1:1,3.22,3.23,3.23,+73,25,,
CBALOS,53.01,31/12/29,1:1,4.09,4.10,3.80,,,,
CBALOP,54.10,31/12/29,1:1,5.18,5.19,4.70,,,,
CBAKOU,54.59,31/12/29,1:1,4.66,4.67,4.30,-34,250,,
CBAQRS,54.73,31/12/29,1:1,4.79,4.77,4.18,,,,
CBALOR,55.15,31/12/29,1:1,6.23,6.24,5.54,,,,
CBAKRQ,55.20,31/12/29,1:1,5.27,5.25,5.31,+15,20,,
CBAKOR,55.41,31/12/29,1:1,5.49,5.50,5.40,,,,
CBAQRP,55.61,31/12/29,1:1,5.68,5.66,3.94,,,,
CBAQRQ,56.07,31/12/29,1:1,6.13,6.11,5.88,,,,
CBAKMQ,56.12,31/12/29,1:1,6.14,6.17,6.10,+37,200,,
CBAKRR,56.71,31/12/29,1:1,6.77,6.75,6.43,,,,
CBAKOV,57.06,31/12/29,1:1,7.14,7.15,6.70,,,,
CBAKRP,57.23,31/12/29,1:1,7.30,7.28,6.35,,,,
CBAKMS,57.37,31/12/29,1:1,7.39,7.42,7.35,+51,17,,
CBAQRT,58.07,31/12/29,1:1,8.13,8.11,7.92,+27,20,,
CBAKOW,59.01,31/12/29,1:1,9.09,9.10,3.26,,,,
CBAQRU,59.07,31/12/29,1:1,9.13,9.11,9.23,,,,
CBAKRU,60.22,31/12/29,1:1,10.29,10.27,9.83,,,,
CBAKMR,60.58,31/12/29,1:1,10.61,10.64,10.22,,10,,
CBAKZR,61.59,31/12/29,1:1,11.66,,15.58,,,,
CBAKRT,62.02,31/12/29,1:1,12.08,12.06,3.39,,,,
CBAKMT,63.20,31/12/29,1:1,13.22,13.25,13.94,,,,
CBAKMU,66.69,31/12/29,1:1,16.71,16.74,,,,,
CBAKMV,69.09,31/12/29,1:1,19.11,19.14,,,,,
,
Coca-Cola Amatil Last Sale Price $11.73,
CCLKRP,14.04,31/12/29,1:1,2.27,2.32,1.88,,,,
CCLKRQ,14.31,31/12/29,1:1,2.53,2.58,3.04,,,,
CCLKOP,14.61,31/12/29,1:1,2.85,2.86,2.67,,,,
CCLKRR,14.61,31/12/29,1:1,2.83,2.88,,,,,
CCLKOQ,15.54,31/12/29,1:1,3.78,3.79,,,,,
CCLKMP,16.03,31/12/29,1:1,4.28,4.31,2.66,,,,
,
CuDECO Last Sale Price $3.47,
CDUKMP,5.51,31/12/29,1:1,2.02,2.05,2.00,-2,75,,
CDUKMQ,6.50,31/12/29,1:1,3.02,3.05,,,,,
,
Challenger Last Sale Price $4.36,
CGFKOP,5.94,31/12/29,1:1,1.58,1.59,1.51,,,,
CGFKOQ,7.52,31/12/29,1:1,3.16,3.17,,,,,
,
Cochlear Last Sale Price $60.55,
COHKRS,71.66,31/12/29,1:1,11.06,11.12,13.41,,,,
COHKRW,72.07,31/12/29,1:1,11.46,11.52,9.85,,,,
COHKRV,72.57,31/12/29,1:1,11.96,12.02,11.19,,,,
COHKRU,73.57,31/12/29,1:1,12.96,13.02,10.97,,,,
COHKRT,75.01,31/12/29,1:1,14.40,14.46,,,,,
COHKOS,75.06,31/12/29,1:1,14.45,14.46,13.29,,,,
COHKOP,80.06,31/12/29,1:1,19.46,19.47,19.65,,,,
COHKMP,80.27,31/12/29,1:1,19.70,19.73,21.04,,,,
COHKOT,85.06,31/12/29,1:1,24.46,24.47,,,,,
,
Campbell Brothers Last Sale Price $55.82,
CPBKMP,68.51,31/12/29,1:1,12.67,12.70,,,,,
CPBKOP,69.13,31/12/29,1:1,13.23,13.24,20.27,,,,
CPBKMQ,77.01,31/12/29,1:1,21.17,21.20,,,,,
CPBKOQ,80.01,31/12/29,1:1,24.10,24.11,,,,,
,
Computershare Last Sale Price $8.00,
CPUKRP,9.54,31/12/29,1:1,1.525,1.54,1.43,,,,
CPUKRR,9.75,31/12/29,1:1,1.74,1.755,,,,,
CPUKOP,10.00,31/12/29,1:1,2.00,2.01,3.01,,,,
CPUKRQ,10.04,31/12/29,1:1,2.02,2.04,1.965,,,,
CPUKOQ,10.52,31/12/29,1:1,2.51,2.52,2.70,,,,
CPUKMP,11.52,31/12/29,1:1,3.50,3.53,2.30,,,,
,
CSL Last Sale Price $30.78,
CSLKRR,37.19,31/12/29,1:1,6.40,6.41,6.31,,,,
CSLKRT,37.59,31/12/29,1:1,6.80,6.81,7.12,,,,
CSLKRU,38.09,31/12/29,1:1,7.31,7.32,5.79,,,,
CSLKOR,38.23,31/12/29,1:1,7.47,7.48,,,,,
CSLKRS,38.55,31/12/29,1:1,7.76,7.77,7.25,,,,
CSLKMP,40.04,31/12/29,1:1,9.25,9.28,5.27,,,,
CSLKOP,40.35,31/12/29,1:1,9.60,9.61,7.95,,,,
CSLKOQ,45.10,31/12/29,1:1,14.34,14.35,,,,,
,
CSR Last Sale Price $1.90,
CSRKRR,2.60,31/12/29,1:1,.70,.705,,,,,
CSRKOP,2.70,31/12/29,1:1,.795,.805,,,,,
CSRKRQ,2.74,31/12/29,1:1,.84,.845,,,,,
CSRKRP,3.00,31/12/29,1:1,1.10,1.105,,,,,
CSRKMP,3.24,31/12/29,1:1,1.325,1.35,,,,,
,
Caltex Aust Last Sale Price $12.66,
CTXKRQ,14.51,31/12/29,1:1,1.865,1.85,4.02,,,,
CTXKRT,15.21,31/12/29,1:1,2.56,2.55,2.75,,,,
CTXKMQ,16.01,31/12/29,1:1,3.33,3.36,6.12,,,,
CTXKOP,16.03,31/12/29,1:1,3.39,3.40,2.53,,,,
CTXKRS,16.04,31/12/29,1:1,3.39,3.38,4.19,,,,
CTXKOQ,17.04,31/12/29,1:1,4.39,4.40,3.77,,,,
,
Crown Last Sale Price $8.37,
CWNKOQ,10.20,31/12/29,1:1,1.835,1.845,,,,,
CWNKRP,10.26,31/12/29,1:1,1.90,1.895,2.26,,,,
CWNKRR,10.53,31/12/29,1:1,2.17,2.17,2.18,-19,40,,
CWNKOP,10.87,31/12/29,1:1,2.50,2.51,2.66,,,,
CWNKRQ,11.03,31/12/29,1:1,2.66,2.66,,,,,
CWNKMP,12.02,31/12/29,1:1,3.63,3.66,3.83,,,,
,
David Jones Last Sale Price $2.41,
DJSKRR,3.10,31/12/29,1:1,.68,.695,1.36,,,,
DJSKRP,3.30,31/12/29,1:1,.88,.895,.665,,,,
DJSKOR,3.40,31/12/29,1:1,.985,.995,,,,,
DJSKOS,3.70,31/12/29,1:1,1.285,1.295,,,,,
DJSKRQ,3.87,31/12/29,1:1,1.445,1.46,1.205,,,,
DJSKMP,4.50,31/12/29,1:1,2.08,2.11,1.30,,,,
,
Downer EDI Last Sale Price $3.66,
DOWKRQ,4.40,31/12/29,1:1,.74,,,,,,
DOWKRP,4.50,31/12/29,1:1,.84,.845,,,,,
DOWKOP,4.52,31/12/29,1:1,.855,.865,1.45,,,,
DOWKRR,4.60,31/12/29,1:1,.94,.945,1.25,,,,
,
Echo Entertainment Last Sale Price $3.58,
EGPKRR,4.25,31/12/29,1:1,.68,.675,,,,,
EGPKRQ,4.51,31/12/29,1:1,.94,.935,,,,,
EGPKOQ,4.60,31/12/29,1:1,1.035,1.045,2.31,,,,
EGPKRP,4.75,31/12/29,1:1,1.18,1.175,,,,,
EGPKOP,5.02,31/12/29,1:1,1.455,1.465,1.39,,,,
EGPKMP,5.62,31/12/29,1:1,2.04,2.07,2.09,+21,200,,
,
Energy Res Last Sale Price $1.25,
ERAKRQ,2.00,31/12/29,1:1,.74,.75,.65,,,,
ERAKOP,2.10,31/12/29,1:1,.84,.85,2.13,,,,
ERAKRR,2.25,31/12/29,1:1,.99,1.00,1.58,,,,
ERAKRP,2.50,31/12/29,1:1,1.24,1.25,1.14,,,,
ERAKOQ,2.60,31/12/29,1:1,1.34,1.35,,,,,
ERAKMP,3.58,31/12/29,1:1,2.30,2.33,,,,,
,
Currency Warrant EUR/JPY,
FEJKRQ,109.65,31/12/29,100:1,8.58,8.69,,,,,
FEJKRP,111.75,31/12/29,100:1,11.11,11.22,,,,,
,
Currency Warrant EUR/USD,
FEUKRQ,1.40,31/12/29,100:1,7.43,7.54,6.80,,,,
FEUKRP,1.45,31/12/29,100:1,12.27,12.39,,,,,
,
Fortescue Metals Grp Last Sale Price $5.61,
FMGKRT,6.10,15/02/12,1:1,.60,,.63,,,,
FMGXOP,5.50,29/03/12,2:1,,,.17,,,,
FMGXOT,5.75,29/03/12,2:1,.21,.22,.165,,,,
FMGXOQ,6.00,29/03/12,2:1,.33,.34,.33,-53,2293,,
FMGKRY,6.20,31/12/29,1:1,.62,.635,1.11,,,,
FMGKRV,6.30,31/12/29,1:1,.63,.645,.78,,,,
FMGKRZ,6.40,31/12/29,1:1,.78,.795,.605,,,,
FMGKRW,6.50,31/12/29,1:1,.88,.895,.805,-74.5,75,,
FMGKMR,6.51,31/12/29,1:1,.88,.905,.83,-33,180,,
FMGKOP,6.52,31/12/29,1:1,.995,.995,.995,-2.5,4100,,
FMGKRU,6.75,31/12/29,1:1,1.13,1.145,1.115,+21.5,100,,
FMGQRP,7.00,31/12/29,1:1,1.38,,,,,,
FMGKOT,7.02,31/12/29,1:1,1.40,1.41,1.39,-14,289,,
FMGQRQ,7.25,31/12/29,1:1,1.63,1.645,,,,,
FMGKOU,7.50,31/12/29,1:1,1.885,1.895,,,,,
FMGKMP,7.82,31/12/29,1:1,2.19,2.22,2.77,,,,
FMGKRP,7.99,31/12/29,1:1,2.37,2.39,3.06,,,,
FMGKMQ,8.52,31/12/29,1:1,2.90,2.93,3.10,,,,
FMGKZV,8.98,31/12/29,1:1,3.36,,3.19,,,,
FMGKMS,10.01,31/12/29,1:1,4.39,4.42,,,,,
,
Currency Warrant USD/JPY,
FUJKRP,82.88,31/12/29,100:1,5.97,6.07,,,,,
FUJKRQ,85.84,31/12/29,100:1,9.53,9.63,,,,,
,
Fleetwood Corp Last Sale Price $12.69,
FWDKRQ,14.00,31/12/29,1:1,1.40,1.415,,,,,
FWDKRP,15.53,31/12/29,1:1,2.85,2.84,,,,,
,
Currency Warrant AUD/EUR,
FXEKRR,0.85,31/12/29,100:1,4.16,4.25,3.96,,,,
FXEKOQ,0.85,31/12/29,100:1,5.07,5.13,,,,,
FXEKRU,0.87,31/12/29,100:1,6.61,6.70,7.51,,,,
FXEKOS,0.87,31/12/29,100:1,7.53,7.59,,,,,
FXEKRV,0.89,31/12/29,100:1,9.06,9.15,,,,,
,
Currency Warrant AUD/HKD,
FXHKRP,8.67,31/12/29,100:1,4.60,4.64,,,,,
FXHKRR,8.86,31/12/29,100:1,6.93,6.96,,,,,
FXHKRQ,8.88,31/12/29,100:1,7.18,7.21,,,,,
,
Fairfax Media Last Sale Price $0.78,
FXJKOQ,1.10,31/12/29,1:1,.315,.325,.30,,,,
FXJKOP,1.24,31/12/29,1:1,.455,.465,.425,,,,
FXJKMP,1.25,31/12/29,1:1,.46,.485,,,,,
,
Currency Warrant AUD/GBP,
FXPKOQ,0.72,31/12/29,100:1,5.72,5.78,,,,,
FXPKRS,0.73,31/12/29,100:1,6.77,6.85,7.01,,,,
FXPKRQ,0.73,31/12/29,100:1,7.63,7.70,9.97,,,,
FXPKOP,0.74,31/12/29,100:1,8.63,8.69,,,,,
FXPKRP,0.74,31/12/29,100:1,8.64,8.71,5.28,,,,
,
Currency Warrant AUS/USD,
FXUKOS,1.11,31/12/29,100:1,3.81,3.87,3.45,,,,
FXUKRY,1.12,31/12/29,100:1,4.37,4.41,4.37,+55,68,,
FXUKOQ,1.12,31/12/29,100:1,4.75,4.81,,,,,
FXUKRZ,1.13,31/12/29,100:1,5.29,5.34,5.07,,,,
FXUKOW,1.13,31/12/29,100:1,5.68,5.74,5.80,+59,25,,
FXUQRP,1.14,31/12/29,100:1,6.22,6.27,5.93,+3,150,,
FXUKOT,1.14,31/12/29,100:1,6.62,6.68,,,,,
FXUKZ5,1.15,31/12/29,100:1,7.18,,14.00,,,,
FXUKZZ,1.18,31/12/29,100:1,10.18,10.23,9.25,,,,
FXUKOZ,1.19,31/12/29,100:1,11.02,11.08,9.97,,,,
,
Currency Warrant AUD/JPY,
FXYKRQ,85.69,31/12/29,100:1,2.94,3.04,5.30,,,,
FXYKOQ,85.91,31/12/29,100:1,3.25,3.33,,,,,
FXYKRR,87.62,31/12/29,100:1,5.25,5.35,19.06,,,,
FXYKOP,88.05,31/12/29,100:1,5.82,5.90,,,,,
FXYKRP,89.90,31/12/29,100:1,8.00,8.10,6.10,,,,
,
Currency Warrant AUD/NZD,
FXZKRQ,1.35,31/12/29,100:1,5.13,5.24,4.74,,,,
FXZKOQ,1.36,31/12/29,100:1,5.63,5.75,,,,,
FXZKRR,1.37,31/12/29,100:1,6.65,6.76,5.32,,,,
FXZKOP,1.41,31/12/29,100:1,9.39,9.51,,,,,
,
Gindalbie Metals Last Sale Price $0.69,
GBGKOP,1.00,31/12/29,1:1,.305,.315,.385,,,,
,
Goodman Fielder Last Sale Price $0.52,
GFFKOP,0.72,31/12/29,1:1,.195,.205,.195,,5300,,
GFFKOQ,0.80,31/12/29,1:1,.275,.285,.255,,,,
,
GrainCorp Last Sale Price $7.85,
GNCKMP,13.01,31/12/29,1:1,5.14,5.17,3.53,,,,
,
GPT Grp Last Sale Price $3.02,
GPTKOP,3.91,31/12/29,1:1,.865,.875,.76,,,,
GPTKMP,3.97,31/12/29,1:1,.935,.96,,,,,
GPTKRP,4.13,31/12/29,1:1,1.09,1.115,,,,,
GPTKOQ,4.20,31/12/29,1:1,1.155,1.165,,,,,
GPTKRQ,4.30,31/12/29,1:1,1.26,1.285,,,,,
GPTKRR,4.52,31/12/29,1:1,1.475,1.50,,,,,
,
Gryphon Minerals Last Sale Price $1.35,
GRYKOQ,1.90,31/12/29,1:1,.54,.55,,,,,
GRYKOP,2.30,31/12/29,1:1,.94,.95,.995,,,,
,
Harvey Norman Last Sale Price $1.98,
HVNKRQ,2.50,31/12/29,1:1,.52,.525,.44,,,,
HVNKRR,2.60,31/12/29,1:1,.62,.625,1.06,,,,
HVNKOP,2.65,31/12/29,1:1,.66,.67,.61,,,,
HVNKRP,2.70,31/12/29,1:1,.715,.72,.72,-18,420,,
HVNKMP,3.25,31/12/29,1:1,1.255,1.28,,,,,
HVNKOQ,3.45,31/12/29,1:1,1.46,1.47,,,,,
HVNKZQ,3.49,31/12/29,1:1,1.505,,1.35,,,,
,
Insurance Aust Grp Last Sale Price $2.84,
IAGKOQ,3.50,31/12/29,1:1,.665,.675,,,,,
IAGKRP,3.50,31/12/29,1:1,.66,.665,.55,,,,
IAGKRQ,3.61,31/12/29,1:1,.765,.77,1.725,,,,
IAGKRR,3.75,31/12/29,1:1,.905,.91,,,,,
IAGKOP,3.79,31/12/29,1:1,.955,.965,,,,,
IAGKMP,3.88,31/12/29,1:1,1.025,1.05,,,,,
IAGKMQ,4.60,31/12/29,1:1,1.75,1.775,,,,,
,
Independence Grp Last Sale Price $4.27,
IGOKOP,6.00,31/12/29,1:1,1.715,1.725,3.08,,,,
,
Iluka Res Last Sale Price $17.12,
ILUKRS,21.51,31/12/29,1:1,4.39,4.39,4.13,,,,
ILUKRV,22.01,31/12/29,1:1,4.89,4.89,,,,,
ILUKMR,22.50,31/12/29,1:1,5.37,5.40,5.25,+48,10,,
ILUKOR,23.00,31/12/29,1:1,5.90,5.91,,,,,
ILUKRQ,23.04,31/12/29,1:1,5.93,5.93,5.09,,,,
ILUKOP,24.92,31/12/29,1:1,7.81,7.82,7.31,,,,
ILUKMS,25.00,31/12/29,1:1,7.86,7.89,,,,,
ILUKOS,26.50,31/12/29,1:1,9.40,9.41,,,,,
ILUKOT,29.00,31/12/29,1:1,11.90,11.91,,,,,
,
Incitec Pivot Last Sale Price $3.39,
IPLKOQ,4.00,31/12/29,1:1,.605,.615,,,,,
IPLKRP,4.00,31/12/29,1:1,.595,.61,.615,,,,
IPLKRS,4.18,31/12/29,1:1,.775,.79,1.00,,,,
IPLKRR,4.30,31/12/29,1:1,.895,.91,,,,,
IPLKOP,4.58,31/12/29,1:1,1.185,1.195,.935,,,,
IPLKOR,5.40,31/12/29,1:1,2.01,2.02,,,,,
IPLKMP,5.59,31/12/29,1:1,2.19,2.22,1.06,,,,
IPLKMQ,7.94,31/12/29,1:1,4.53,4.56,,,,,
,
JB Hi-Fi Last Sale Price $11.80,
JBHKRQ,15.61,31/12/29,1:1,3.81,,3.80,,,,
JBHKRS,16.61,31/12/29,1:1,4.80,,,,,,
JBHKOP,17.00,31/12/29,1:1,5.20,,6.41,,,,
JBHKRR,17.60,31/12/29,1:1,5.80,,9.79,,,,
,
James Hardie Ind Last Sale Price $7.12,
JHXKOR,8.47,31/12/29,1:1,1.335,1.345,,,,,
JHXQRP,8.50,31/12/29,1:1,1.36,1.385,,,,,
JHXKRR,8.72,31/12/29,1:1,1.58,,,,,,
JHXQRQ,9.00,31/12/29,1:1,1.86,1.885,,,,,
JHXKOQ,9.01,31/12/29,1:1,1.87,1.88,,,,,
JHXKMP,9.47,31/12/29,1:1,2.34,2.37,2.08,,,,
,
Karoon Gas Aust Last Sale Price $5.25,
KARKOQ,6.51,31/12/29,1:1,1.24,1.25,1.78,,,,
KARKRR,7.01,31/12/29,1:1,1.73,1.765,1.66,,,,
KARKOP,7.01,31/12/29,1:1,1.745,1.755,1.775,,,,
KARKRP,7.12,31/12/29,1:1,1.84,,,,,,
KARKRS,7.25,31/12/29,1:1,1.97,2.01,,,,,
KARKRQ,7.50,31/12/29,1:1,2.22,2.26,,,,,
KARKMP,8.01,31/12/29,1:1,2.75,2.78,,,,,
,
Kingsgate Cons Last Sale Price $7.80,
KCNKMP,10.01,31/12/29,1:1,2.19,2.22,,,,,
KCNKOR,10.02,31/12/29,1:1,2.22,2.23,3.29,,,,
KCNKRP,10.25,31/12/29,1:1,2.45,2.46,4.80,,,,
KCNKOQ,13.01,31/12/29,1:1,5.21,5.22,5.11,,,,
,
Leighton Hldgs Last Sale Price $22.87,
LEIKOQ,29.15,31/12/29,1:1,6.32,6.33,6.30,+40,20,,
LEIKMQ,30.00,31/12/29,1:1,7.11,7.14,7.26,+30,50,,
LEIKOR,31.00,31/12/29,1:1,8.18,8.19,,,,,
LEIKOS,33.01,31/12/29,1:1,10.18,10.19,,,,,
LEIQRP,35.00,31/12/29,1:1,12.16,12.14,,,,,
LEIQRQ,36.00,31/12/29,1:1,13.16,13.14,13.02,+26,50,,
,
Lend Lease Grp Last Sale Price $7.18,
LLCKRQ,9.02,31/12/29,1:1,1.83,1.845,1.615,,,,
LLCQRP,9.41,31/12/29,1:1,2.22,2.24,,,,,
LLCKOQ,9.50,31/12/29,1:1,2.32,2.33,,,,,
LLCKRP,9.89,31/12/29,1:1,2.70,2.72,2.75,,,,
LLCKOP,10.03,31/12/29,1:1,2.85,2.86,2.52,,,,
LLCKMP,10.69,31/12/29,1:1,3.49,3.52,,,,,
LLCKRR,11.89,31/12/29,1:1,4.70,4.72,4.45,,,,
,
Linc Energy Last Sale Price $1.33,
LNCKMP,3.00,31/12/29,1:1,1.665,1.69,1.665,,,,
,
Lynas Corp Last Sale Price $1.27,
LYCKOR,2.00,31/12/29,1:1,.73,.74,.73,+18.5,250,,
LYCKRQ,2.10,31/12/29,1:1,.83,.83,.52,,,,
LYCKRR,2.20,31/12/29,1:1,.93,.93,.78,,,,
LYCKRT,2.30,31/12/29,1:1,1.03,1.03,,,,,
LYCKMP,2.30,31/12/29,1:1,1.02,1.045,.825,,,,
LYCKOT,2.50,31/12/29,1:1,1.225,1.235,,,,,
LYCQRP,2.60,31/12/29,1:1,1.33,1.33,1.155,,,,
,
Mirvac Grp Last Sale Price $1.20,
MGRKRR,1.49,31/12/29,1:1,.29,.30,,,,,
MGRKRP,1.58,31/12/29,1:1,.38,.39,.335,,,,
MGRKOQ,1.60,31/12/29,1:1,.395,.405,,,,,
MGRKRQ,1.72,31/12/29,1:1,.515,.525,,,,,
MGRKOP,1.72,31/12/29,1:1,.515,.525,.435,,,,
MGRKMP,1.78,31/12/29,1:1,.575,.60,.42,,,,
,
Mount Gibson Iron Last Sale Price $1.29,
MGXKOP,2.22,31/12/29,1:1,.915,.925,.87,,,,
MGXKMP,2.31,31/12/29,1:1,1.005,1.03,.965,,,,
,
Mineral Res Last Sale Price $12.44,
MINKMP,15.01,31/12/29,1:1,2.55,2.58,3.78,,,,
MINKRP,15.25,31/12/29,1:1,2.77,2.82,,,,,
MINKRQ,16.00,31/12/29,1:1,3.52,3.57,,,,,
MINKRS,16.25,31/12/29,1:1,3.77,3.82,,,,,
MINKRR,16.50,31/12/29,1:1,4.02,4.06,,,,,
,
Medusa Min Last Sale Price $5.98,
MMLKOP,8.50,31/12/29,1:1,2.54,2.55,2.46,+2,100,,
,
Monadelphous Grp Last Sale Price $22.77,
MNDKRQ,26.01,31/12/29,1:1,3.14,3.24,3.24,,,,
MNDKRR,26.51,31/12/29,1:1,3.64,3.74,3.93,,,,
MNDKOP,27.08,31/12/29,1:1,4.26,4.27,4.09,,,,
,
Macquarie Grp Last Sale Price $26.78,
MQGKOQ,30.47,15/02/12,1:1,2.99,,2.99,-63,913,,
MQGXOU,27.00,29/03/12,4:1,,,.245,,,,
MQGXOW,28.00,29/03/12,4:1,.515,.525,.35,,,,
MQGXOS,29.00,29/03/12,4:1,.77,.78,.775,,,,
MQGXOT,30.00,29/03/12,4:1,1.01,1.02,1.015,,,,
MQGLOR,29.43,31/12/29,1:1,3.43,3.44,3.10,-23,30,,
MQGKRS,31.01,31/12/29,1:1,4.20,4.23,3.62,,,,
MQGQRP,31.50,31/12/29,1:1,4.70,,,,,,
MQGQRQ,32.00,31/12/29,1:1,5.20,5.23,,,,,
MQGKOS,32.43,31/12/29,1:1,5.65,5.65,5.65,+70,310,,
MQGLOP,32.43,31/12/29,1:1,6.43,6.44,6.63,,,,
MQGQRR,33.00,31/12/29,1:1,6.20,6.23,2.70,,,,
MQGQRS,33.09,31/12/29,1:1,6.28,6.31,,,,,
MQGKRR,34.00,31/12/29,1:1,7.20,7.23,6.38,,,,
MQGKOZ,34.51,31/12/29,1:1,7.70,7.71,10.34,,,,
MQGKZU,47.71,31/12/29,1:1,20.90,,24.78,,,,
MQGKZR,75.41,31/12/29,1:1,48.61,,36.13,,,,
,
Mesoblast Last Sale Price $7.11,
MSBKOR,8.50,31/12/29,1:1,1.375,1.385,3.76,,,,
MSBKRP,9.00,31/12/29,1:1,1.81,,4.65,,,,
MSBKRS,9.50,31/12/29,1:1,2.36,2.40,4.01,,,,
MSBKRT,10.00,31/12/29,1:1,2.86,2.90,,,,,
MSBKRR,10.52,31/12/29,1:1,3.37,,3.99,,,,
MSBKMP,11.52,31/12/29,1:1,4.39,4.42,5.00,,,,
MSBKOQ,12.03,31/12/29,1:1,4.90,4.91,5.29,,,,
,
Metcash Last Sale Price $4.06,
MTSKRP,4.90,31/12/29,1:1,.835,.84,,,,,
MTSKRR,5.10,31/12/29,1:1,1.04,1.045,,,,,
MTSKRQ,5.30,31/12/29,1:1,1.24,1.245,,,,,
MTSKOP,5.41,31/12/29,1:1,1.345,1.355,1.35,,,,
,
Myer Hldgs Last Sale Price $2.06,
MYRQRQ,2.54,31/12/29,1:1,.48,.485,,,,,
MYRKRP,2.75,31/12/29,1:1,.69,.695,.65,,,,
MYRKOQ,2.80,31/12/29,1:1,.74,.75,,,,,
MYRQRP,3.04,31/12/29,1:1,.98,.985,,,,,
MYRKRR,3.40,31/12/29,1:1,1.335,1.34,1.43,,,,
MYRKOP,3.40,31/12/29,1:1,1.34,1.35,1.275,,,,
MYRKMP,4.01,31/12/29,1:1,1.935,1.96,,,,,
,
National Aust Bank Last Sale Price $23.02,
NABXOT,24.50,29/03/12,2:1,.92,.93,.485,,,,
NABXOR,25.00,29/03/12,2:1,1.16,1.17,,,,,
NABXOP,27.00,29/03/12,2:1,2.14,2.15,,,,,
NABXOQ,29.50,29/03/12,2:1,3.38,3.39,,,,,
NABLOS,25.01,31/12/29,1:1,2.50,2.51,2.00,,,,
NABQRS,25.81,31/12/29,1:1,2.79,2.80,2.84,,,,
NABQRU,26.05,31/12/29,1:1,3.03,3.04,,,,,
NABLOQ,26.19,31/12/29,1:1,3.61,3.62,3.50,,,,
NABQRT,26.21,31/12/29,1:1,3.19,3.20,,,,,
NABQRR,26.27,31/12/29,1:1,3.25,3.26,,,,,
NABKOV,26.42,31/12/29,1:1,3.40,3.41,3.45,,,,
NABKRY,26.54,31/12/29,1:1,3.51,3.52,3.50,,,,
NABKRZ,26.77,31/12/29,1:1,3.75,3.76,3.48,,,,
NABQRP,27.02,31/12/29,1:1,4.00,4.01,3.13,,,,
NABKRP,27.25,31/12/29,1:1,4.22,4.23,4.30,,,,
NABKOR,27.27,31/12/29,1:1,4.25,4.26,3.37,,,,
NABKRW,27.43,31/12/29,1:1,4.41,4.42,3.98,,,,
NABKRX,27.69,31/12/29,1:1,4.67,4.68,4.75,+35,40,,
NABKMS,28.04,31/12/29,1:1,5.00,5.03,4.97,,,,
NABLOP,28.17,31/12/29,1:1,5.61,5.62,.475,,,,
NABKRU,28.18,31/12/29,1:1,5.16,5.17,3.67,,,,
NABKOT,28.19,31/12/29,1:1,5.18,5.19,5.21,,,,
NABLOR,28.20,31/12/29,1:1,5.63,5.64,4.25,,,,
NABQRQ,28.52,31/12/29,1:1,5.50,5.51,5.24,-16,100,,
NABKOQ,29.74,31/12/29,1:1,6.72,6.73,6.27,,,,
NABKMR,30.20,31/12/29,1:1,7.16,7.19,7.21,,,,
NABKOS,31.18,31/12/29,1:1,8.16,8.17,7.44,,,,
NABKZR,32.22,31/12/29,1:1,9.20,,8.35,,,,
NABKMQ,32.28,31/12/29,1:1,9.24,9.27,9.30,,,,
NABKMT,34.04,31/12/29,1:1,11.00,11.03,1.725,,,,
NABKZP,35.31,31/12/29,1:1,12.29,,11.70,,,,
NABKMU,36.15,31/12/29,1:1,13.11,13.14,,,,,
,
Newcrest Min Last Sale Price $34.40,
NCMLOS,35.01,13/02/12,1:1,,,3.12,,,,
NCMXOV,35.00,29/03/12,4:1,,,.55,,,,
NCMXOR,36.50,29/03/12,4:1,.74,.75,.925,,,,
NCMXOU,38.00,29/03/12,4:1,1.105,1.115,,,,,
NCMLOR,37.01,31/12/29,1:1,3.62,3.63,,,,,
NCMKRX,39.02,31/12/29,1:1,4.62,4.63,4.99,,,,
NCMQRQ,39.51,31/12/29,1:1,5.10,5.11,,,,,
NCMKOP,39.53,31/12/29,1:1,5.12,5.13,5.37,,,,
NCMLOQ,39.90,31/12/29,1:1,6.50,6.51,6.21,+30,10,,
NCMKRS,40.02,31/12/29,1:1,5.62,5.63,6.80,,,,
NCMKMQ,40.15,31/12/29,1:1,5.73,5.76,5.74,-176,30,,
NCMKRY,40.31,31/12/29,1:1,5.90,5.91,,,,,
NCMQRS,40.51,31/12/29,1:1,6.10,6.11,4.00,,,,
NCMQRP,41.04,31/12/29,1:1,6.63,6.64,6.97,,,,
NCMKRU,41.87,31/12/29,1:1,7.47,7.48,7.24,-99,70,,
NCMKRT,41.88,31/12/29,1:1,7.47,7.48,11.20,,,,
NCMKOS,41.91,31/12/29,1:1,7.50,7.51,7.04,,,,
NCMLOP,41.92,31/12/29,1:1,8.52,8.53,9.16,,,,
NCMKRV,42.38,31/12/29,1:1,7.97,7.98,10.05,,,,
NCMKRZ,42.88,31/12/29,1:1,8.47,8.48,,,,,
NCMKRP,43.37,31/12/29,1:1,8.97,8.98,10.09,,,,
NCMKRW,43.87,31/12/29,1:1,9.47,9.48,,,,,
NCMKMS,44.91,31/12/29,1:1,10.50,10.53,10.46,,,,
NCMKOR,44.99,31/12/29,1:1,10.58,10.59,12.66,,,,
NCMKRR,49.77,31/12/29,1:1,15.37,15.38,16.88,,,,
NCMKMR,50.59,31/12/29,1:1,16.17,16.20,,,,,
,
New Hope Corp Last Sale Price $5.75,
NHCKOP,7.20,31/12/29,1:1,1.445,1.455,,,,,
,
Nufarm Last Sale Price $4.82,
NUFKOP,6.00,31/12/29,1:1,1.145,1.155,,,,,
NUFKOQ,7.02,31/12/29,1:1,2.16,2.17,,,,,
,
News Corp Last Sale Price $18.84,
NWSKRS,21.51,31/12/29,1:1,2.62,2.67,2.52,,,,
NWSKRR,22.08,31/12/29,1:1,3.19,3.24,5.07,,,,
NWSKMP,22.63,31/12/29,1:1,3.77,3.80,3.12,,,,
NWSKRQ,23.01,31/12/29,1:1,4.13,4.18,3.23,,,,
NWSKOR,23.02,31/12/29,1:1,4.14,4.15,4.66,,,,
NWSKMR,24.02,31/12/29,1:1,5.16,5.19,4.35,,,,
NWSKMQ,25.05,31/12/29,1:1,6.19,6.22,3.51,,,,
,
Origin Energy Last Sale Price $13.39,
ORGKRR,16.01,31/12/29,1:1,2.57,2.62,4.63,,,,
ORGKOP,16.50,31/12/29,1:1,3.09,3.10,4.63,,,,
ORGKRP,16.82,31/12/29,1:1,3.38,3.43,2.94,,,,
ORGKRQ,17.31,31/12/29,1:1,3.87,3.92,3.82,,,,
ORGKMP,17.50,31/12/29,1:1,4.10,4.13,2.61,,,,
ORGKOQ,17.54,31/12/29,1:1,4.12,4.13,3.35,,,,
ORGKRT,18.00,31/12/29,1:1,4.57,4.62,,,,,
ORGKMQ,20.04,31/12/29,1:1,6.63,6.66,,,,,
,
Orica Last Sale Price $25.72,
ORIKRP,30.04,31/12/29,1:1,4.28,4.32,,,,,
ORIKRR,30.75,31/12/29,1:1,5.00,5.04,,,,,
ORIKMP,31.03,31/12/29,1:1,5.29,5.32,3.05,,,,
ORIKOP,31.52,31/12/29,1:1,5.77,5.78,10.59,,,,
ORIKRQ,31.54,31/12/29,1:1,5.78,5.82,6.77,,,,
ORIKOQ,33.65,31/12/29,1:1,7.89,7.90,,,,,
,
Oil Search Last Sale Price $6.50,
OSHKRQ,7.71,31/12/29,1:1,1.21,1.215,1.115,,,,
OSHKRR,7.85,31/12/29,1:1,1.35,1.355,.99,,,,
OSHKRP,8.01,31/12/29,1:1,1.51,1.515,1.50,,,,
OSHKRS,8.15,31/12/29,1:1,1.65,1.655,,,,,
OSHKMP,9.01,31/12/29,1:1,2.49,2.52,,,,,
OSHKOQ,9.03,31/12/29,1:1,2.53,2.54,2.30,,,,
OSHKMQ,11.02,31/12/29,1:1,4.50,4.53,,,,,
,
OneSteel Last Sale Price $0.75,
OSTKRS,1.00,31/12/29,1:1,.25,.255,,,,,
OSTKRR,1.10,31/12/29,1:1,.35,.355,.70,,,,
OSTKMQ,1.15,31/12/29,1:1,.385,.41,.965,,,,
OSTKRP,1.25,31/12/29,1:1,.50,.505,.395,,,,
OSTKOP,1.30,31/12/29,1:1,.55,.56,.915,,,,
OSTKRQ,1.40,31/12/29,1:1,.65,.655,.785,,,,
OSTKOQ,1.69,31/12/29,1:1,.935,.945,.92,,,,
OSTKMP,3.51,31/12/29,1:1,2.74,2.77,,,,,
,
OZ Minerals Last Sale Price $11.49,
OZLKRV,13.01,31/12/29,1:1,1.305,1.32,,,,,
OZLKRT,13.26,31/12/29,1:1,1.775,1.78,,,,,
OZLKRU,13.50,31/12/29,1:1,2.02,2.03,1.82,,,,
OZLKOP,13.84,31/12/29,1:1,2.36,2.37,6.22,,,,
OZLKMP,14.01,31/12/29,1:1,2.51,2.54,4.05,,,,
OZLKRQ,14.05,31/12/29,1:1,2.56,2.57,3.52,,,,
OZLKRS,14.28,31/12/29,1:1,2.79,2.80,3.29,,,,
OZLKOQ,15.03,31/12/29,1:1,3.55,3.56,,,,,
OZLKRR,16.06,31/12/29,1:1,4.57,4.58,5.03,,,,
,
Panoramic Res Last Sale Price $1.25,
PANKMP,2.38,31/12/29,1:1,1.12,1.145,1.205,,,,
,
Paladin Energy Last Sale Price $1.70,
PDNKOP,2.17,31/12/29,1:1,.445,.455,.415,-18,200,,
PDNKRQ,2.20,31/12/29,1:1,.48,.505,.37,,,,
PDNKOQ,2.21,31/12/29,1:1,.48,.49,,,,,
PDNKRP,2.25,31/12/29,1:1,.53,.555,.84,,,,
PDNKRR,2.30,31/12/29,1:1,.49,.605,.56,+4.5,40,,
PDNKOZ,2.51,31/12/29,1:1,.78,.79,.83,,,,
PDNKRS,2.60,31/12/29,1:1,.88,.905,.89,+34.5,1500,,
PDNKMP,3.40,31/12/29,1:1,1.685,1.71,1.55,,,,
,
PanAust Last Sale Price $3.63,
PNAKRP,4.85,31/12/29,1:1,1.21,,,,,,
PNAKRQ,5.00,31/12/29,1:1,1.36,1.375,1.47,,,,
PNAKOP,5.02,31/12/29,1:1,1.38,1.39,1.455,,,,
PNAKRR,5.26,31/12/29,1:1,1.615,1.63,,,,,
PNAKMP,5.43,31/12/29,1:1,1.79,1.815,1.99,,,,
PNAKOQ,5.51,31/12/29,1:1,1.875,1.885,,,,,
,
Perseus Min Last Sale Price $2.77,
PRUKRQ,3.60,31/12/29,1:1,.82,.835,,,,,
PRUKRR,4.00,31/12/29,1:1,1.22,1.235,1.15,,,,
PRUKRP,4.51,31/12/29,1:1,1.73,1.745,1.655,,,,
PRUKOP,5.02,31/12/29,1:1,2.24,2.25,1.18,,,,
,
Primary Health Care Last Sale Price $2.97,
PRYKRQ,3.70,31/12/29,1:1,.71,.735,.735,,,,
PRYKRP,3.90,31/12/29,1:1,.91,.935,,,,,
PRYKRR,4.11,31/12/29,1:1,1.12,1.145,,,,,
PRYKOP,5.48,31/12/29,1:1,2.49,2.50,,,,,
,
Qantas Airways Last Sale Price $1.54,
QANKRR,1.85,31/12/29,1:1,.305,.315,.69,,,,
QANKRP,1.90,31/12/29,1:1,.355,.365,.41,,,,
QANKRT,1.96,31/12/29,1:1,.415,.425,,,,,
QANKRS,2.01,31/12/29,1:1,.465,.475,,,,,
QANKOP,2.07,31/12/29,1:1,.52,.53,.45,,,,
QANKMP,2.23,31/12/29,1:1,.68,.705,.555,,,,
QANKOQ,2.61,31/12/29,1:1,1.065,1.075,.60,,,,
QANKMQ,3.51,31/12/29,1:1,1.955,1.98,,,,,
,
QBE Insurance Grp Last Sale Price $11.80,
QBEXOS,13.00,29/03/12,2:1,.78,.79,.70,,,,
QBEXOQ,14.00,29/03/12,2:1,1.27,1.28,,,,,
QBEXOP,15.00,29/03/12,2:1,1.765,1.775,1.80,,,,
QBEKOU,14.00,31/12/29,1:1,2.16,2.17,1.865,,,,
QBEKRQ,14.01,31/12/29,1:1,2.16,2.21,1.995,,,,
QBEQRQ,14.50,31/12/29,1:1,2.66,2.71,,,,,
QBELOR,14.51,31/12/29,1:1,3.07,3.08,,,,,
QBEQRP,15.00,31/12/29,1:1,3.16,3.21,,,,,
QBEKRP,15.00,31/12/29,1:1,3.16,3.21,4.51,,,,
QBEKOT,15.50,31/12/29,1:1,3.67,3.68,4.40,,,,
QBELOQ,15.54,31/12/29,1:1,4.11,4.12,4.60,,,,
QBEKMQ,16.11,31/12/29,1:1,4.29,4.32,,,,,
QBEKRS,17.03,31/12/29,1:1,5.18,5.23,5.61,,,,
QBELOP,17.03,31/12/29,1:1,5.60,5.61,,,,,
QBEKMP,17.51,31/12/29,1:1,5.70,5.73,6.59,,,,
QBEKOS,17.55,31/12/29,1:1,5.72,5.73,6.33,,,,
QBEKRR,18.54,31/12/29,1:1,6.69,6.74,7.07,,,,
QBEKZR,22.31,31/12/29,1:1,10.47,,9.90,,,,
,
QR National Last Sale Price $3.73,
QRNKRR,4.36,31/12/29,1:1,.62,.635,.595,,,,
QRNKMP,4.40,31/12/29,1:1,.66,,,,,,
QRNKOP,4.44,31/12/29,1:1,.69,.70,1.215,,,,
QRNKRQ,4.48,31/12/29,1:1,.74,.755,,,,,
QRNKRS,4.55,31/12/29,1:1,.81,.825,.855,,,,
QRNKOZ,4.80,31/12/29,1:1,1.055,1.065,.675,,,,
,
Ramsay Health Care Last Sale Price $18.58,
RHCKMP,24.07,31/12/29,1:1,5.47,5.50,5.45,,,,
,
Rio Tinto Last Sale Price $69.28,
RIOXOP,73.00,29/03/12,4:1,1.125,1.135,1.01,+18.5,85,,
RIOXOS,75.00,29/03/12,4:1,1.61,1.62,.425,,,,
RIOXOT,77.00,29/03/12,4:1,2.10,2.11,.475,,,,
RIOLOS,72.53,31/12/29,1:1,4.65,4.66,4.70,+70,4,,
RIOLOQ,73.52,31/12/29,1:1,5.54,5.55,4.20,,,,
RIOLOP,75.21,31/12/29,1:1,7.24,7.25,6.45,-14,10,,
RIOKOR,77.26,31/12/29,1:1,8.00,8.01,8.00,+144,351,,
RIOKMR,78.10,31/12/29,1:1,8.80,8.83,8.90,+150,110,,
RIOKOW,80.13,31/12/29,1:1,10.86,10.87,10.02,,,,
RIOKRW,80.66,31/12/29,1:1,11.38,11.39,9.12,,,,
RIOKRP,81.21,31/12/29,1:1,11.92,11.93,11.30,,,,
RIOKRR,81.53,31/12/29,1:1,12.25,12.26,11.64,,,,
RIOKRZ,82.03,31/12/29,1:1,12.75,12.76,11.70,,,,
RIOKRU,82.53,31/12/29,1:1,13.24,13.25,13.32,+64,240,,
RIOQRP,82.78,31/12/29,1:1,13.49,13.50,,,,,
RIOQRQ,83.03,31/12/29,1:1,13.74,13.75,13.00,,40,,
RIOKMW,83.10,31/12/29,1:1,13.80,13.83,12.89,,,,
RIOQRW,83.53,31/12/29,1:1,14.24,14.25,15.54,,,,
RIOKOP,83.84,31/12/29,1:1,14.58,14.59,13.90,-9,15,,
RIOQRR,84.02,31/12/29,1:1,14.74,14.75,14.02,,,,
RIOQRV,86.01,31/12/29,1:1,16.73,16.74,16.10,,,,
RIOKOU,86.19,31/12/29,1:1,16.93,16.94,18.70,,,,
RIOKRT,87.01,31/12/29,1:1,17.00,17.73,17.15,,50,,
RIOKRV,88.01,31/12/29,1:1,18.73,18.74,18.11,,,,
RIOKOY,89.01,31/12/29,1:1,19.75,19.76,,,,,
RIOKMU,90.01,31/12/29,1:1,20.71,20.74,19.16,,,,
RIOQRT,90.02,31/12/29,1:1,20.74,20.75,,,,,
RIOKOZ,95.01,31/12/29,1:1,25.75,25.76,,,,,
RIOQRS,100.02,31/12/29,1:1,30.74,30.75,30.78,+117,210,,
RIOKZR,105.75,31/12/29,1:1,36.46,,36.42,,,,
RIOKMT,111.11,31/12/29,1:1,41.82,41.85,38.89,,,,
,
ResMed Inc Last Sale Price $2.76,
RMDKOQ,3.20,31/12/29,1:1,.445,.455,,,,,
RMDKRQ,3.26,31/12/29,1:1,.495,.50,,,,,
RMDKRP,3.40,31/12/29,1:1,.64,.645,1.09,,,,
RMDKRR,3.60,31/12/29,1:1,.84,.845,1.245,,,,
RMDKMP,4.01,31/12/29,1:1,1.24,1.265,1.255,,150,,
RMDKOP,4.02,31/12/29,1:1,1.26,1.27,,,,,
,
Resolute Min Last Sale Price $2.09,
RSGKOP,2.80,31/12/29,1:1,.695,.705,.755,,,,
,
Seek Last Sale Price $5.45,
SEKKRP,6.60,31/12/29,1:1,1.14,1.155,1.715,,,,
SEKKRQ,7.26,31/12/29,1:1,1.80,1.815,1.295,,,,
SEKKOP,8.22,31/12/29,1:1,2.76,2.77,2.95,,,,
SEKKOQ,9.02,31/12/29,1:1,3.57,3.58,,,,,
SEKKMP,10.01,31/12/29,1:1,4.54,4.57,,,,,
,
Sandfire Res Last Sale Price $8.20,
SFRKRP,10.50,31/12/29,1:1,2.26,2.31,5.74,,,,
SFRKRR,10.75,31/12/29,1:1,2.51,2.56,,,,,
SFRKRQ,11.00,31/12/29,1:1,2.76,2.81,,,,,
SFRKOQ,11.02,31/12/29,1:1,2.79,2.80,,,,,
SFRKRS,11.25,31/12/29,1:1,3.01,3.06,3.45,,,,
SFRKRT,11.50,31/12/29,1:1,3.26,3.31,,,,,
SFRKOR,13.02,31/12/29,1:1,4.79,4.80,4.97,,,,
,
Sims Metal Mgt Last Sale Price $14.18,
SGMKOP,17.70,31/12/29,1:1,3.49,3.50,5.82,,,,
SGMKRR,18.26,31/12/29,1:1,4.04,4.08,,,,,
SGMKRP,18.75,31/12/29,1:1,4.54,4.58,5.18,,,,
SGMKOQ,19.04,31/12/29,1:1,4.83,4.84,5.24,,,,
SGMKRQ,19.25,31/12/29,1:1,5.04,5.08,5.02,,,,
,
Stockland Last Sale Price $3.18,
SGPKRQ,3.89,31/12/29,1:1,.70,.715,,,,,
SGPKRR,4.09,31/12/29,1:1,.895,.91,,,,,
SGPKOP,4.29,31/12/29,1:1,1.10,1.11,1.07,,,,
SGPKRP,4.30,31/12/29,1:1,1.11,1.125,1.11,,,,
SGPKMP,4.39,31/12/29,1:1,1.195,1.22,,,,,
SGPKOQ,4.89,31/12/29,1:1,1.705,1.715,,,,,
,
Sonic Healthcare Last Sale Price $11.19,
SHLKRR,13.54,31/12/29,1:1,2.35,2.35,,,,,
SHLKRP,14.01,31/12/29,1:1,2.82,2.82,2.27,,,,
SHLKRQ,14.52,31/12/29,1:1,3.33,3.33,2.93,,,,
SHLKMP,16.24,31/12/29,1:1,5.04,5.07,,,,,
,
Santos Last Sale Price $13.79,
STOXOS,14.00,29/03/12,2:1,,,.32,,,,
STOXOQ,14.25,29/03/12,2:1,.41,.42,.33,,,,
STOXOR,14.75,29/03/12,2:1,.65,.66,,,,,
STOKRT,15.78,31/12/29,1:1,1.95,1.995,1.62,,,,
STOKOQ,16.00,31/12/29,1:1,2.17,2.19,7.50,,,,
STOKRQ,16.03,31/12/29,1:1,2.20,2.25,2.06,,,,
STOQRR,16.26,31/12/29,1:1,2.42,2.47,,,,,
STOQRP,16.51,31/12/29,1:1,2.67,2.72,2.48,,,,
STOKOP,16.67,31/12/29,1:1,2.84,2.85,2.70,,,,
STOKRS,16.76,31/12/29,1:1,2.92,2.97,2.93,,,,
STOKRV,17.01,31/12/29,1:1,3.17,3.22,3.53,,,,
STOQRQ,17.26,31/12/29,1:1,3.42,3.47,,,,,
STOKOR,17.33,31/12/29,1:1,3.50,3.51,3.49,+2,19,,
STOKRW,17.51,31/12/29,1:1,3.67,3.72,,,,,
STOKMP,17.52,31/12/29,1:1,3.71,3.74,3.67,+12,11,,
STOKRP,17.76,31/12/29,1:1,3.92,3.97,2.25,,,,
STOKRR,18.00,31/12/29,1:1,4.17,4.22,2.04,,,,
,
Suncorp Grp Last Sale Price $8.30,
SUNKRR,9.71,31/12/29,1:1,1.405,1.41,1.33,,,,
SUNKOP,9.99,31/12/29,1:1,1.68,1.69,1.77,,,,
SUNKRP,10.02,31/12/29,1:1,1.72,1.725,1.66,,,,
SUNKRS,10.33,31/12/29,1:1,2.03,2.04,2.23,,,,
SUNKRT,10.63,31/12/29,1:1,2.33,2.34,2.30,,,,
SUNKMQ,10.80,31/12/29,1:1,2.49,2.52,1.70,,,,
SUNKRQ,11.03,31/12/29,1:1,2.72,2.73,,,,,
SUNKOQ,11.43,31/12/29,1:1,3.13,3.14,3.15,,,,
SUNKMR,11.65,31/12/29,1:1,3.34,3.37,,,,,
,
Seven Grp Hldgs Last Sale Price $8.21,
SVWKMP,12.02,31/12/29,1:1,3.79,3.82,,,,,
,
Seven West Media Last Sale Price $3.52,
SWMKRQ,4.52,31/12/29,1:1,.975,1.00,1.025,,,,
SWMKOP,4.75,31/12/29,1:1,1.215,1.225,1.32,,,,
SWMKRR,4.75,31/12/29,1:1,1.21,1.235,1.56,,,,
SWMQRP,5.00,31/12/29,1:1,1.46,1.485,1.56,,,,
SWMKOQ,5.51,31/12/29,1:1,1.975,1.985,,,,,
SWMKMP,6.01,31/12/29,1:1,2.47,2.50,,,,,
,
Sydney Airport Last Sale Price $2.65,
SYDKRQ,3.15,31/12/29,1:1,.50,.505,,,,,
SYDKRR,3.35,31/12/29,1:1,.695,.70,,,,,
SYDKOQ,3.50,31/12/29,1:1,.845,.855,,,,,
SYDKRP,3.62,31/12/29,1:1,.965,.97,,,,,
SYDKOP,4.52,31/12/29,1:1,1.865,1.875,,,,,
,
Tabcorp Hldgs Last Sale Price $2.75,
TAHKRP,3.27,31/12/29,1:1,.53,.525,,,,,
TAHKRQ,3.38,31/12/29,1:1,.64,.635,.69,,,,
TAHKOP,3.50,31/12/29,1:1,.75,.76,.685,,,,
TAHKRR,3.63,31/12/29,1:1,.885,.88,,,,,
TAHKMP,3.75,31/12/29,1:1,.985,1.01,,,,,
TAHKRS,3.89,31/12/29,1:1,1.145,1.14,,,,,
TAHKOQ,4.38,31/12/29,1:1,1.635,1.645,,,,,
,
Transurban Grp Last Sale Price $5.61,
TCLKRR,6.45,31/12/29,1:1,.84,.845,1.13,,,,
TCLKOP,6.64,31/12/29,1:1,1.025,1.035,,,,,
TCLKRQ,6.88,31/12/29,1:1,1.27,1.27,,,,,
TCLKRP,7.12,31/12/29,1:1,1.505,1.51,,,,,
TCLKMP,7.87,31/12/29,1:1,2.24,2.27,,,,,
,
Telecom Corp of NZ Last Sale Price $1.70,
TELKMP,2.23,31/12/29,1:1,.525,.55,,,,,
,
Ten Network Hldgs Last Sale Price $0.89,
TENKRR,1.10,31/12/29,1:1,.215,.22,,,,,
TENKRQ,1.18,31/12/29,1:1,.295,.30,,,,,
TENKOR,1.20,31/12/29,1:1,.31,.32,,,,,
TENKMP,1.25,31/12/29,1:1,.35,.375,,,,,
TENKOQ,1.35,31/12/29,1:1,.46,.47,.425,,,,
TENKRP,1.45,31/12/29,1:1,.565,.57,,,,,
,
Telstra Corp Last Sale Price $3.41,
TLSXOQ,3.50,29/03/12,2:1,.12,.13,,,,,
TLSXOP,3.60,29/03/12,2:1,.17,.18,,,,,
TLSLOQ,3.51,31/12/29,1:1,.16,.17,.205,,,,
TLSKRU,3.68,31/12/29,1:1,.26,.275,,,,,
TLSLOP,3.70,31/12/29,1:1,.355,.365,.375,,,,
TLSKMR,3.75,31/12/29,1:1,.33,.355,,,,,
TLSKRQ,3.76,31/12/29,1:1,.34,.355,.375,,,,
TLSKMP,3.80,31/12/29,1:1,.38,.405,,,,,
TLSKRR,3.86,31/12/29,1:1,.435,.45,.53,,,,
TLSKMS,3.86,31/12/29,1:1,.435,.46,.27,,,,
TLSQRP,3.97,31/12/29,1:1,.55,.565,,,,,
TLSKOP,4.01,31/12/29,1:1,.59,.60,.595,,,,
TLSQRQ,4.07,31/12/29,1:1,.65,.665,,,,,
TLSKMQ,4.08,31/12/29,1:1,.655,.68,1.10,,,,
TLSKOQ,4.22,31/12/29,1:1,.805,.815,.875,,,,
,
Toll Hldgs Last Sale Price $5.10,
TOLKMQ,6.00,31/12/29,1:1,.89,.915,1.05,,,,
TOLKOP,6.15,31/12/29,1:1,1.045,1.055,1.06,,,,
TOLKRP,6.29,31/12/29,1:1,1.19,1.195,1.185,-17,75,,
TOLKOQ,7.02,31/12/29,1:1,1.915,1.925,1.91,,,,
TOLKMP,7.51,31/12/29,1:1,2.39,2.42,2.70,,,,
,
Tatts Grp Last Sale Price $2.50,
TTSKRQ,2.90,31/12/29,1:1,.39,.405,,,,,
TTSKOP,2.91,31/12/29,1:1,.39,.40,,,,,
TTSKRP,3.05,31/12/29,1:1,.54,.555,,,,,
TTSKRR,3.16,31/12/29,1:1,.645,.66,,,,,
TTSKMP,3.41,31/12/29,1:1,.895,.92,,,,,
,
Treasury Wine Estates Last Sale Price $3.63,
TWEKRR,4.50,31/12/29,1:1,.86,.875,,,,,
TWEKRQ,4.75,31/12/29,1:1,1.11,1.125,,,,,
TWEKOP,5.01,31/12/29,1:1,1.365,1.375,,,,,
TWEKRP,5.01,31/12/29,1:1,1.37,1.385,1.095,,,,
,
UGL Last Sale Price $13.21,
UGLKRR,15.53,31/12/29,1:1,2.29,2.33,2.00,,,,
UGLKRP,16.01,31/12/29,1:1,2.76,2.80,,,,,
UGLKMP,16.01,31/12/29,1:1,2.78,2.81,2.64,,,,
UGLKRQ,16.53,31/12/29,1:1,3.29,3.33,4.45,,,,
UGLKMQ,20.04,31/12/29,1:1,6.81,6.84,6.35,,,,
,
Westpac Banking Last Sale Price $20.90,
WBCXOU,22.00,29/03/12,2:1,.765,.775,.59,,,,
WBCXOV,22.50,29/03/12,2:1,1.005,1.015,1.21,,,,
WBCXOS,23.00,29/03/12,2:1,1.24,1.25,1.13,,,,
WBCXOT,24.00,29/03/12,2:1,1.735,1.745,,,,,
WBCLOS,22.00,31/12/29,1:1,1.555,1.565,,,,,
WBCQRT,22.77,31/12/29,1:1,1.88,1.875,,,,,
WBCKRZ,22.81,31/12/29,1:1,1.92,1.915,1.31,,,,
WBCQRQ,23.01,31/12/29,1:1,2.12,2.12,,,,,
WBCKOT,23.02,31/12/29,1:1,2.13,2.14,2.13,,,,
WBCQRS,23.03,31/12/29,1:1,2.14,2.14,,,,,
WBCLOQ,23.27,31/12/29,1:1,2.77,2.78,2.72,,,,
WBCKRV,23.29,31/12/29,1:1,2.39,2.39,2.12,,,,
WBCQRR,23.45,31/12/29,1:1,2.55,2.55,3.06,,,,
WBCKRX,23.63,31/12/29,1:1,2.74,2.74,2.80,,,,
WBCKMR,24.04,31/12/29,1:1,3.13,3.16,3.77,,,,
WBCKRR,24.04,31/12/29,1:1,3.15,3.15,3.13,,,,
WBCLOP,24.26,31/12/29,1:1,3.76,3.77,,,,,
WBCKRT,24.29,31/12/29,1:1,3.39,3.39,3.76,,,,
WBCKOS,24.31,31/12/29,1:1,3.41,3.42,3.40,,,,
WBCKRU,24.50,31/12/29,1:1,3.61,3.61,3.56,,,,
WBCKRY,24.77,31/12/29,1:1,3.87,3.87,,,,,
WBCQRP,25.04,31/12/29,1:1,4.14,4.14,,,,,
WBCLOR,25.27,31/12/29,1:1,4.78,4.79,,,,,
WBCKRQ,25.31,31/12/29,1:1,4.41,4.41,4.35,,,,
WBCKOP,25.86,31/12/29,1:1,4.96,4.97,4.88,,,,
WBCKRP,26.01,31/12/29,1:1,5.11,5.11,6.44,,,,
WBCKMP,26.03,31/12/29,1:1,5.12,5.15,4.23,,,,
WBCKOV,27.00,31/12/29,1:1,6.11,6.12,,,,,
WBCKRS,27.30,31/12/29,1:1,6.40,6.40,6.63,,,,
WBCKZP,27.64,31/12/29,1:1,6.75,,8.20,,,,
WBCKMQ,28.03,31/12/29,1:1,7.13,7.16,7.29,,,,
WBCKOQ,29.67,31/12/29,1:1,8.77,8.78,10.02,,,,
WBCKMS,31.06,31/12/29,1:1,10.15,10.18,,,,,
WBCKMT,32.30,31/12/29,1:1,11.39,11.42,,,,,
WBCKMU,34.31,31/12/29,1:1,13.40,13.43,,,,,
,
Westfield Grp Last Sale Price $8.37,
WDCKOR,9.77,31/12/29,1:1,1.37,1.38,1.565,,,,
WDCKRP,9.79,31/12/29,1:1,1.40,1.425,1.29,,,,
WDCKRQ,10.03,31/12/29,1:1,1.635,1.66,1.59,+2.5,80,,
WDCQRP,10.26,31/12/29,1:1,1.865,1.89,,,,,
WDCKMP,10.27,31/12/29,1:1,1.89,1.915,1.745,,,,
WDCKOQ,11.08,31/12/29,1:1,2.68,2.69,2.59,,,,
,
Wesfarmers Last Sale Price $29.55,
WESXOR,31.00,29/03/12,2:1,.90,.91,,,,,
WESXOS,32.00,29/03/12,2:1,1.38,1.39,,,,,
WESXOP,34.00,29/03/12,2:1,2.36,2.37,,,,,
WESLOR,32.01,31/12/29,1:1,3.11,3.12,,,,,
WESLOP,34.05,31/12/29,1:1,5.05,5.06,,,,,
WESQRQ,35.55,31/12/29,1:1,5.93,6.00,5.86,,,,
WESKOT,36.01,31/12/29,1:1,6.40,6.41,,,,,
WESKRU,36.02,31/12/29,1:1,6.40,6.47,6.63,,,,
WESQRP,36.05,31/12/29,1:1,6.43,6.50,6.33,,,,
WESLOQ,36.10,31/12/29,1:1,7.10,7.11,6.30,,,,
WESKRV,36.52,31/12/29,1:1,6.90,6.97,9.05,,,,
WESKRR,37.06,31/12/29,1:1,7.45,7.52,6.71,,,,
WESKZP,37.25,31/12/29,1:1,7.64,,7.09,,,,
WESKOS,37.56,31/12/29,1:1,7.95,7.96,7.95,,,,
WESKRT,37.59,31/12/29,1:1,7.97,8.04,7.20,,,,
WESKMP,37.88,31/12/29,1:1,8.31,8.34,6.90,,,,
WESKRS,38.08,31/12/29,1:1,8.46,8.53,8.69,,,,
WESKOQ,38.69,31/12/29,1:1,9.09,9.10,6.54,,,,
WESKMQ,42.04,31/12/29,1:1,12.47,12.50,8.06,,,,
,
Whitehaven Coal Last Sale Price $5.55,
WHCKRR,7.00,31/12/29,1:1,1.45,1.455,2.14,,,,
WHCKRP,7.15,31/12/29,1:1,1.60,1.605,,,,,
WHCKRS,7.26,31/12/29,1:1,1.71,1.715,1.775,,,,
WHCKOP,7.48,31/12/29,1:1,1.935,1.945,1.665,,,,
WHCKRQ,7.51,31/12/29,1:1,1.96,1.965,,,,,
WHCKOQ,8.02,31/12/29,1:1,2.47,2.48,,,,,
WHCKMP,10.02,31/12/29,1:1,4.45,4.48,,,,,
,
WorleyParsons Last Sale Price $28.00,
WORKRT,32.58,31/12/29,1:1,4.59,4.58,4.49,+65,2,,
WORQRQ,32.76,31/12/29,1:1,4.77,4.76,,,,,
WORKRQ,33.11,31/12/29,1:1,5.13,5.12,4.81,,,,
WORKRR,34.00,31/12/29,1:1,6.02,6.01,9.03,,,,
WORKMP,34.09,31/12/29,1:1,6.07,6.10,5.70,,,,
WORKRU,34.50,31/12/29,1:1,6.52,6.51,5.60,,,,
WORQRR,35.01,31/12/29,1:1,7.02,7.01,,,,,
WORQRP,35.50,31/12/29,1:1,7.52,7.51,7.26,+12,200,,
WORKOP,35.58,31/12/29,1:1,7.59,7.60,10.40,,,,
WORKOS,40.06,31/12/29,1:1,12.08,12.09,,,,,
,
Woolworths Last Sale Price $24.99,
WOWXOP,26.00,29/03/12,2:1,.60,.61,.625,,,,
WOWXOT,26.50,29/03/12,2:1,.835,.845,,,,,
WOWXOQ,27.00,29/03/12,2:1,1.08,1.09,1.17,,,,
WOWKMQ,27.01,31/12/29,1:1,2.00,2.03,8.30,,,,
WOWKRP,28.10,31/12/29,1:1,3.08,3.11,3.51,,,,
WOWKOQ,28.28,31/12/29,1:1,3.26,3.27,3.30,-59,10,,
WOWKRQ,29.10,31/12/29,1:1,4.08,4.11,3.81,,,,
WOWQRP,29.53,31/12/29,1:1,4.52,4.55,,,,,
WOWKOP,29.84,31/12/29,1:1,4.83,4.84,4.68,,,,
WOWKMP,30.04,31/12/29,1:1,5.03,5.06,3.86,,,,
WOWKRR,30.10,31/12/29,1:1,5.09,5.12,5.76,,,,
,
Woodside Petroleum Last Sale Price $35.17,
WPLXOQ,35.50,29/03/12,4:1,,,.425,,,,
WPLXOR,37.00,29/03/12,4:1,.695,.705,,,,,
WPLXOP,38.00,29/03/12,4:1,.935,.945,1.22,,,,
WPLLOT,36.02,31/12/29,1:1,1.96,1.97,,,,,
WPLLOS,38.01,31/12/29,1:1,3.96,3.97,,,,,
WPLKMR,38.80,31/12/29,1:1,3.63,3.66,3.36,,,,
WPLKRR,39.77,31/12/29,1:1,4.71,4.60,11.39,,,,
WPLQRP,40.05,31/12/29,1:1,4.99,4.88,,,,,
WPLLOQ,40.11,31/12/29,1:1,6.06,6.07,5.70,,,,
WPLQRQ,40.27,31/12/29,1:1,5.20,,,,,,
WPLQRR,40.27,31/12/29,1:1,5.21,5.10,,,,,
WPLKOT,40.55,31/12/29,1:1,5.49,5.50,,,,,
WPLKMS,40.57,31/12/29,1:1,5.39,5.42,5.06,,,,
WPLKRV,41.60,31/12/29,1:1,6.54,6.43,6.40,,,,
WPLKMQ,42.11,31/12/29,1:1,6.94,6.97,6.55,,,,
WPLKRQ,42.50,31/12/29,1:1,7.45,7.34,10.01,,,,
WPLKOQ,42.58,31/12/29,1:1,7.52,7.53,9.08,,,,
WPLKRS,43.00,31/12/29,1:1,7.95,7.84,,,,,
WPLLOR,43.12,31/12/29,1:1,9.06,9.07,,,,,
WPLQRS,44.00,31/12/29,1:1,8.95,8.84,4.80,,,,
WPLKOS,44.11,31/12/29,1:1,9.05,9.06,,,,,
,
Westfield Retail Tr Last Sale Price $2.35,
WRTKOP,2.92,31/12/29,1:1,.56,.57,,,,,
WRTKRP,2.93,31/12/29,1:1,.565,.58,.365,,,,
WRTKRT,3.02,31/12/29,1:1,.655,.67,,,,,
WRTKRS,3.17,31/12/29,1:1,.81,.825,.825,,500,,
WRTKRR,3.27,31/12/29,1:1,.905,.92,,,,,
WRTKMP,3.42,31/12/29,1:1,1.06,1.085,1.06,+1,100,,
WRTKRQ,3.43,31/12/29,1:1,1.065,1.08,,,,,
WRTKOQ,3.52,31/12/29,1:1,1.16,1.17,,,,,
,
Western Areas Last Sale Price $5.56,
WSAKOP,6.87,31/12/29,1:1,1.275,1.285,1.705,,,,
WSAKMP,8.02,31/12/29,1:1,2.44,2.47,2.73,,,,
,
Wotif.com Hldgs Last Sale Price $3.99,
WTFKMP,5.92,31/12/29,1:1,1.91,1.935,2.05,,,,
,
Crude Oil (Nymex) futures,
ZCLKRU,114.96,31/12/29,.10:1,1.34,1.365,2.41,,,,
ZCLKOP,115.52,31/12/29,.10:1,1.375,1.405,1.795,,,,
ZCLKRZ,117.74,31/12/29,.10:1,1.71,1.735,3.79,,,,
ZCLKRS,119.93,31/12/29,.10:1,1.805,1.83,1.30,,,,
ZCLQRP,123.29,31/12/29,.10:1,2.27,2.28,,,,,
ZCLKOQ,123.48,31/12/29,.10:1,2.13,2.16,,,,,
ZCLKRT,123.90,31/12/29,.10:1,2.17,2.21,2.31,,,,
ZCLKRR,129.16,31/12/29,.10:1,2.67,2.70,2.50,,,,
ZCLKOR,131.45,31/12/29,.10:1,2.87,2.90,,,,,
ZCLKOS,139.42,31/12/29,.10:1,3.62,3.65,,,,,
,
Comex Gold Futures,
ZGCKOQ,1898.02,31/12/29,.01:1,1.65,1.68,,,,,
ZGCKZS,1917.79,31/12/29,.01:1,1.845,,5.21,,,,
ZGCKOR,1944.39,31/12/29,.01:1,2.09,2.12,,,,,
ZGCKRU,1958.62,31/12/29,.01:1,2.38,2.41,2.29,,,,
ZGCKRW,1958.62,31/12/29,.01:1,2.22,2.26,3.03,,,,
ZGCKRY,1996.39,31/12/29,.01:1,2.58,2.61,5.39,,,,
ZGCKOS,2043.98,31/12/29,.01:1,3.02,3.05,,,,,
ZGCKRS,2044.07,31/12/29,.01:1,3.23,3.26,,,,,
ZGCKRP,2050.60,31/12/29,.01:1,3.09,3.12,4.83,,,,
ZGCKRR,2096.60,31/12/29,.01:1,3.76,3.79,4.92,,,,
ZGCKRV,2103.27,31/12/29,.01:1,3.58,3.61,3.55,,,,
ZGCKRX,2125.57,31/12/29,.01:1,3.79,3.82,5.20,,,,
ZGCQRP,2196.03,31/12/29,.01:1,4.46,4.47,,,,,
ZGCQRQ,2295.85,31/12/29,.01:1,5.39,5.40,,,,,
,
Comex Copper Futures,
ZHGKOR,4.53,31/12/29,1:1,.645,.675,,,,,
ZHGKOS,4.78,31/12/29,1:1,.88,.91,.865,,,,
ZHGKOP,5.03,31/12/29,1:1,1.115,1.145,,,,,
ZHGKOQ,5.29,31/12/29,1:1,1.355,1.385,,,,,
ZHGKRT,444.41,31/12/29,.10:1,6.10,6.15,,,,,
ZHGQRP,459.17,31/12/29,.10:1,7.10,7.13,,,,,
ZHGKRR,464.94,31/12/29,.10:1,7.63,7.68,4.90,,,,
ZHGKRP,478.34,31/12/29,.10:1,8.88,8.93,8.73,,,,
ZHGKRU,478.34,31/12/29,.10:1,9.49,9.54,,,,,
ZHGQRQ,489.12,31/12/29,.10:1,9.90,9.93,,,,,
ZHGQRR,499.93,31/12/29,.10:1,10.92,10.94,,,,,
,
Nymex Natural Gas,
ZNGKRV,3.29,31/12/29,1:1,.775,.805,2.09,,,,
ZNGKRQ,3.29,31/12/29,1:1,.835,.865,,,,,
ZNGKRU,3.39,31/12/29,1:1,.875,.905,,,,,
ZNGQRP,3.39,31/12/29,1:1,.885,.895,,,,,
ZNGKRR,3.49,31/12/29,1:1,1.03,1.06,1.64,,,,
ZNGKRT,3.49,31/12/29,1:1,.965,.995,,,,,
,
Palladium Futures (CME),
ZPAKRP,817.73,31/12/29,.01:1,1.12,1.155,,,,,
ZPAKRT,828.27,31/12/29,.01:1,1.30,1.34,1.51,,,,
ZPAKRQ,848.94,31/12/29,.01:1,1.41,1.45,,,,,
ZPAKRU,849.88,31/12/29,.01:1,1.52,1.555,,,,,
ZPAKRR,898.88,31/12/29,.01:1,1.88,1.915,,,,,
,
Platinum Futures (CME),
ZPLKRP,1872.75,31/12/29,.01:1,2.12,2.16,,,,,
ZPLKRS,1872.75,31/12/29,.01:1,2.27,2.31,,,,,
ZPLKRR,1946.48,31/12/29,.01:1,2.81,2.85,,,,,
ZPLQRP,1948.38,31/12/29,.01:1,3.04,3.05,,,,,
ZPLKRQ,1996.95,31/12/29,.01:1,3.29,3.33,,,,,
,
Comex Silver Futures,
ZSIKRW,38.64,31/12/29,.10:1,.46,.485,1.08,,,,
ZSIKRU,38.89,31/12/29,.10:1,.485,.51,,,,,
ZSIKRS,38.92,31/12/29,.10:1,.52,.545,,,,,
ZSIKRT,39.52,31/12/29,.10:1,.54,.57,,,,,
ZSIKRZ,39.63,31/12/29,.10:1,.59,.615,,,,,
ZSIKOQ,39.83,31/12/29,.10:1,.575,.605,,,,,
ZSIQRP,39.93,31/12/29,.10:1,.59,.595,,,,,
ZSIQRQ,40.94,31/12/29,.10:1,.685,.69,,,,,
ZSIKOR,43.82,31/12/29,.10:1,.945,.975,,,,,
ZSIKOS,47.80,31/12/29,.10:1,1.32,1.35,,,,,
ZSIKOP,51.95,31/12/29,.10:1,1.71,1.74,,,,,
,
Barrier Installment Warrants,
AGL Energy Last Sale Price $14.29,
AGKSZU,7.39,04/02/19,1:1,6.85,,,,,,
AGKSZX,8.55,04/02/19,1:1,5.68,,5.99,,,,
AGKSRX,6.16,06/08/21,1:1,8.08,8.14,,,,,
AGKSRU,7.37,06/08/21,1:1,6.87,6.93,,,,,
AGKSRT,8.55,06/08/21,1:1,5.68,5.74,5.59,,,,
,
Asciano Last Sale Price $4.59,
AIOSZW,1.88,28/12/17,1:1,2.70,,1.07,,,,
AIOSZX,2.56,04/02/19,1:1,2.01,,1.97,,,,
AIOSRW,1.88,06/08/21,1:1,2.70,2.72,,,,,
AIOSRX,2.19,06/08/21,1:1,2.38,2.40,,,,,
AIOSRT,2.56,06/08/21,1:1,2.01,2.03,,,,,
,
Aust Infrastructure Fd Last Sale Price $2.01,
AIXSRX,1.03,06/08/21,1:1,.98,.985,,,,,
,
Amcor Last Sale Price $6.90,
AMCSZX,3.33,04/02/19,1:1,3.56,,4.00,,,,
AMCSRX,2.86,06/08/21,1:1,4.02,4.04,,,,,
AMCSRT,3.31,06/08/21,1:1,3.58,3.60,,,,,
,
AMP Last Sale Price $4.32,
AMPSZX,2.31,04/02/19,1:1,1.995,,1.855,,,,
AMPSZW,3.23,04/02/19,1:1,1.08,,1.125,,,,
AMPSRX,1.72,06/08/21,1:1,2.59,2.61,2.68,,,,
AMPSRT,2.31,06/08/21,1:1,1.995,2.01,1.92,,,,
AMPSRW,3.23,06/08/21,1:1,1.08,1.095,1.12,+6.5,17,,
,
ANZ Banking Grp Last Sale Price $21.69,
ANZJR1,14.10,22/02/12,1:1,7.58,7.60,7.72,+46,25,,
ANZSZX,4.92,04/02/19,1:1,16.76,,15.96,,,,
ANZSZW,9.50,04/02/19,1:1,12.17,,11.47,,,,
ANZSZV,12.13,04/02/19,1:1,9.54,,9.54,,,,
ANZSRT,4.92,06/08/21,1:1,16.76,16.78,,,,,
ANZSRX,8.64,06/08/21,1:1,13.03,13.05,12.45,,,,
ANZSRW,9.50,06/08/21,1:1,12.17,12.19,12.08,,,,
ANZSRV,12.13,06/08/21,1:1,9.54,9.56,9.55,,,,
,
APA Grp Last Sale Price $4.69,
APASRX,2.40,06/08/21,1:1,2.28,2.29,,,,,
APASRY,2.90,06/08/21,1:1,1.785,1.79,,,,,
,
ASX Last Sale Price $30.24,
ASXSZX,11.45,04/02/19,1:1,18.73,,17.27,,,,
ASXSZW,17.11,04/02/19,1:1,13.07,,13.40,,,,
ASXSRT,11.45,06/08/21,1:1,18.73,18.79,,,,,
ASXSRX,12.65,06/08/21,1:1,17.53,17.59,,,,,
ASXSRW,17.11,06/08/21,1:1,13.07,13.13,,,,,
,
Bendigo & Adelaide Bk Last Sale Price $8.07,
BENJR2,6.02,24/07/12,1:1,2.06,2.06,2.13,,,,
BENSRX,5.28,06/08/21,1:1,2.80,2.80,3.02,,,,
,
Berkshire Hathaway Inc Class B,
BHASRX,36.64,06/08/21,1:1,37.37,37.56,,,,,
,
BHP Billiton Last Sale Price $36.17,
BHPSZX,14.57,04/02/19,1:1,21.60,,20.63,,,,
BHPSZW,18.62,04/02/19,1:1,17.54,,19.31,,,,
BHPSZU,20.06,04/02/19,1:1,16.11,,17.55,,,,
BHPSZV,24.66,04/02/19,1:1,11.50,,13.33,,,,
BHPSRT,14.57,06/08/21,1:1,21.59,21.61,,,,,
BHPSRX,17.56,06/08/21,1:1,18.60,18.62,16.94,,,,
BHPSRW,18.62,06/08/21,1:1,17.53,17.55,19.57,,,,
BHPSRU,20.06,06/08/21,1:1,16.10,16.12,16.36,,,,
BHPSRV,24.66,06/08/21,1:1,11.49,11.51,11.47,-63,10,,
,
iShares MSCI Brazil etf,
BIFSRX,30.07,06/08/21,1:1,33.81,33.92,,,,,
,
Boart Longyear Last Sale Price $3.62,
BLYSZW,1.76,28/12/17,1:1,1.86,,1.10,,,,
BLYSRX,1.55,04/02/19,1:1,2.06,2.07,,,,,
BLYSRW,1.76,06/08/21,1:1,1.86,1.865,1.97,,,,
,
Bank of Qld Last Sale Price $7.19,
BOQJR1,5.20,22/02/12,1:1,2.00,1.995,,,,,
BOQSZU,4.82,04/02/19,1:1,2.37,,2.67,,,,
BOQSRX,3.23,06/08/21,1:1,3.97,3.97,4.10,,,,
BOQSRU,4.81,06/08/21,1:1,2.39,2.39,2.52,,,,
,
iShares MSCI BRIC etf,
BRFSRX,11.03,06/08/21,1:1,12.74,12.85,,,,,
,
BlueScope Steel Last Sale Price $0.40,
BSLSRX,0.25,06/08/21,1:1,.14,.145,.145,,,,
BSLSRT,0.31,06/08/21,1:1,.089,.09,,,,,
,
Brambles Last Sale Price $7.11,
BXBSZX,2.79,04/02/19,1:1,4.29,,4.20,,,,
BXBSZV,3.70,04/02/19,1:1,3.39,,2.86,,,,
BXBSRT,2.79,06/08/21,1:1,4.29,4.32,,,,,
BXBSRX,2.90,06/08/21,1:1,4.19,4.22,,,,,
BXBSRV,3.70,06/08/21,1:1,3.39,3.42,,,,,
,
iShares FTSE 25 etf,
C25SRX,19.00,06/08/21,1:1,19.14,19.21,,,,,
,
Cabcharge Aust Last Sale Price $4.81,
CABSRX,2.16,06/08/21,1:1,2.65,2.66,,,,,
CABSRU,2.63,06/08/21,1:1,2.17,2.18,1.87,,,,
,
C'wlth Bank of Aust Last Sale Price $49.96,
CBAJR1,35.57,15/06/12,1:1,14.35,14.40,14.50,,,,
CBASZX,9.81,04/02/19,1:1,40.10,,39.52,,,,
CBASZW,15.08,04/02/19,1:1,34.84,,34.65,,,,
CBASZV,25.50,04/02/19,1:1,24.41,,25.00,,,,
CBASZU,30.95,04/02/19,1:1,18.97,,19.18,,,,
CBASRT,9.81,06/08/21,1:1,40.10,40.15,39.77,,,,
CBASRW,15.08,06/08/21,1:1,34.84,34.89,33.42,,,,
CBASRX,22.91,06/08/21,1:1,27.00,27.05,27.19,,,,
CBASRV,25.50,06/08/21,1:1,24.41,24.46,24.52,,,,
CBASRU,30.95,06/08/21,1:1,18.97,19.02,20.61,,,,
,
Coca-Cola Amatil Last Sale Price $11.73,
CCLSZX,3.95,04/02/19,1:1,7.79,,7.15,,,,
CCLSZW,5.76,04/02/19,1:1,5.98,,5.85,,,,
CCLSRT,3.95,06/08/21,1:1,7.79,7.78,,,,,
CCLSRX,5.24,06/08/21,1:1,6.51,6.50,,,,,
CCLSRW,5.76,06/08/21,1:1,5.98,5.97,,,,,
,
Cochlear Last Sale Price $60.55,
COHSZX,26.08,04/02/19,1:1,34.29,,25.50,,,,
COHSZW,33.30,04/02/19,1:1,27.08,,22.05,,,,
COHSRT,26.08,06/08/21,1:1,34.29,34.47,,,,,
COHSRX,32.24,06/08/21,1:1,28.14,28.32,20.85,,,,
COHSRW,33.30,06/08/21,1:1,27.08,27.26,,,,,
,
C'wlth Prop Office Last Sale Price $0.96,
CPASZX,0.42,04/02/19,1:1,.54,,,,,,
CPASRX,0.37,06/08/21,1:1,.595,.60,,,,,
CPASRT,0.42,06/08/21,1:1,.54,.545,.53,,,,
,
Computershare Last Sale Price $8.00,
CPUSZV,3.83,28/12/17,1:1,4.16,,4.61,,,,
CPUSZW,5.30,04/02/19,1:1,2.69,,2.94,,,,
CPUSRX,3.32,06/08/21,1:1,4.67,4.68,,,,,
CPUSRV,3.83,06/08/21,1:1,4.16,4.17,,,,,
CPUSRW,5.30,06/08/21,1:1,2.69,2.70,2.53,,,,
,
CSL Last Sale Price $30.78,
CSLSZW,13.44,28/12/17,1:1,17.31,,,,,,
CSLSZX,20.04,04/02/19,1:1,10.70,,12.34,,,,
CSLSRX,13.30,06/08/21,1:1,17.45,17.49,,,,,
CSLSRW,13.44,06/08/21,1:1,17.31,17.35,,,,,
CSLSRT,20.04,06/08/21,1:1,10.70,10.74,,,,,
,
CSR Last Sale Price $1.90,
CSRSZX,1.37,04/02/19,1:1,.525,,.965,,,,
CSRSRT,1.37,06/08/21,1:1,.525,.535,,,,,
,
Crown Last Sale Price $8.37,
CWNSZX,3.90,04/02/19,1:1,4.45,,4.44,,,,
CWNSRX,3.66,06/08/21,1:1,4.68,4.71,,,,,
CWNSRT,3.90,06/08/21,1:1,4.45,4.48,,,,,
,
David Jones Last Sale Price $2.41,
DJSSZX,1.43,04/02/19,1:1,.975,,.925,,,,
DJSSRX,1.07,06/08/21,1:1,1.34,1.345,1.53,,,,
DJSSRT,1.43,06/08/21,1:1,.975,.98,,,,,
,
iShares Dow Jones US etf,
DJUSRX,29.51,06/08/21,1:1,33.77,33.84,,,,,
,
Downer EDI Last Sale Price $3.66,
DOWSRX,1.71,06/08/21,1:1,1.935,1.95,,,,,
,
DUET Grp Last Sale Price $1.79,
DUESZX,0.72,04/02/19,1:1,1.06,,.835,,,,
DUESRX,0.65,06/08/21,1:1,1.125,1.14,,,,,
DUESRT,0.71,06/08/21,1:1,1.065,1.08,1.02,,,,
,
Echo Entertainment Last Sale Price $3.58,
EGPSZX,1.33,04/02/19,1:1,2.22,,2.44,,,,
EGPSZW,1.91,04/02/19,1:1,1.645,,1.79,,,,
EGPSRT,1.33,06/08/21,1:1,2.22,2.25,2.37,,,,
EGPSRX,1.69,06/08/21,1:1,1.865,1.89,1.97,,,,
EGPSRW,1.91,06/08/21,1:1,1.645,1.67,,,,,
,
iShares MSCI Emerging Mkts etf,
EMKSRX,20.78,06/08/21,1:1,19.92,20.01,,,,,
,
Fortescue Metals Grp Last Sale Price $5.61,
FMGSZX,3.44,04/02/19,1:1,2.16,,2.02,,,,
FMGSRX,2.76,06/08/21,1:1,2.85,2.86,2.30,,,,
FMGSRT,3.44,06/08/21,1:1,2.17,2.18,1.99,,,,
,
Fleetwood Corp Last Sale Price $12.69,
FWDSZX,6.04,04/02/19,1:1,6.59,,6.49,,,,
FWDSRX,4.58,06/08/21,1:1,8.05,8.11,,,,,
FWDSRT,6.04,06/08/21,1:1,6.59,6.65,,,,,
,
Goodman Fielder Last Sale Price $0.52,
GFFSRW,0.30,06/08/21,1:1,.215,.22,.22,,,,
,
Harvey Norman Last Sale Price $1.98,
HVNSZW,1.39,04/02/19,1:1,.58,,.455,,,,
HVNSRX,0.88,06/08/21,1:1,1.09,1.10,,,,,
HVNSRW,1.39,06/08/21,1:1,.58,.59,,,,,
,
iShares IBOXX HYCB etf,
HYGSRX,41.47,06/08/21,1:1,42.75,42.86,,,,,
,
iShares S&P India Nifty 50,
I50SRX,12.93,06/08/21,1:1,10.52,10.59,,,,,
,
Insurance Aust Grp Last Sale Price $2.84,
IAGSZX,2.00,04/02/19,1:1,.825,,.975,,,,
IAGSRX,1.34,06/08/21,1:1,1.49,1.505,1.62,,,,
IAGSRT,2.00,06/08/21,1:1,.825,.84,.97,,,,
,
iShares S&P High Div Last Sale Price $13.66,
IHDSZX,7.43,04/02/19,1:1,6.22,,6.40,,,,
IHDSRX,5.77,06/08/21,1:1,7.87,,,,,,
IHDSRY,6.41,06/08/21,1:1,7.24,7.28,7.23,,,,
IHDSRT,7.40,06/08/21,1:1,6.24,6.28,5.82,,,,
,
iShares S&P/ASX 20 Last Sale Price $18.33,
ILCSRX,8.12,06/08/21,1:1,10.19,10.25,,,,,
ILCSRY,9.06,06/08/21,1:1,9.26,,,,,,
,
iShares MSCI Aus 200 Last Sale Price $18.32,
IOZSRX,9.51,06/08/21,1:1,8.75,8.80,,,,,
,
Incitec Pivot Last Sale Price $3.39,
IPLSRX,1.64,06/08/21,1:1,1.745,1.75,,,,,
,
JB Hi-Fi Last Sale Price $11.80,
JBHSRX,7.18,06/08/21,1:1,4.57,,4.51,,,,
,
Leighton Hldgs Last Sale Price $22.87,
LEISZX,6.65,04/02/19,1:1,16.16,,15.83,,,,
LEISZW,10.56,04/02/19,1:1,12.26,,10.89,,,,
LEISRT,6.65,06/08/21,1:1,16.16,16.22,,,,,
LEISRX,9.42,06/08/21,1:1,13.40,13.46,,,,,
LEISRW,10.56,06/08/21,1:1,12.26,12.32,12.29,+101,2,,
,
Lend Lease Grp Last Sale Price $7.18,
LLCSZX,1.86,04/02/19,1:1,5.32,,5.65,,,,
LLCSZW,3.40,04/02/19,1:1,3.78,,3.98,,,,
LLCSZU,4.84,04/02/19,1:1,2.33,,2.86,,,,
LLCSZV,6.21,04/02/19,1:1,.97,,1.07,,,,
LLCSRT,1.86,06/08/21,1:1,5.32,5.33,,,,,
LLCSRW,3.40,06/08/21,1:1,3.78,3.79,,,,,
LLCSRX,3.74,06/08/21,1:1,3.43,3.44,3.43,,,,
LLCSRU,4.84,06/08/21,1:1,2.33,2.34,,,,,
LLCSRV,6.21,06/08/21,1:1,.97,.975,,,,,
,
iShares IBOXX IGCB etf,
LQDSRX,55.62,06/08/21,1:1,52.98,53.09,,,,,
,
Mirvac Grp Last Sale Price $1.20,
MGRSZX,0.55,04/02/19,1:1,.645,,.72,,,,
MGRSRX,0.43,06/08/21,1:1,.765,.77,,,,,
MGRSRT,0.55,06/08/21,1:1,.645,.65,,,,,
,
Macquarie Grp Last Sale Price $26.78,
MQGSZX,10.80,04/02/19,1:1,15.97,,10.45,,,,
MQGSZW,14.72,04/02/19,1:1,12.06,,9.01,,,,
MQGSRX,10.48,06/08/21,1:1,16.30,16.31,14.55,,,,
MQGSRT,10.80,06/08/21,1:1,15.97,15.98,,,,,
MQGSRW,14.72,06/08/21,1:1,12.06,12.07,9.20,,,,
,
Metcash Last Sale Price $4.06,
MTSJR1,2.60,22/02/12,1:1,1.45,1.465,,,,,
MTSSZX,1.77,04/02/19,1:1,2.28,,2.19,,,,
MTSSRX,1.70,06/08/21,1:1,2.34,2.36,,,,,
MTSSRT,1.77,06/08/21,1:1,2.28,2.30,,,,,
,
Myer Hldgs Last Sale Price $2.06,
MYRJR2,1.44,24/07/12,1:1,.605,.62,,,,,
MYRSZW,1.05,28/12/17,1:1,1.00,,1.065,,,,
MYRSZX,1.65,04/02/19,1:1,.395,,.855,,,,
MYRSRX,0.86,06/08/21,1:1,1.185,1.20,,,,,
MYRSRW,1.05,06/08/21,1:1,1.00,1.015,,,,,
MYRSRT,1.65,06/08/21,1:1,.395,.41,.37,,,,
,
National Aust Bank Last Sale Price $23.02,
NABJR1,15.66,22/02/12,1:1,7.34,7.36,7.41,,,,
NABSZX,7.64,04/02/19,1:1,15.36,,15.80,,,,
NABSZW,12.41,04/02/19,1:1,10.60,,11.55,,,,
NABSRT,7.64,06/08/21,1:1,15.36,15.38,,,,,
NABSRX,9.92,06/08/21,1:1,13.09,13.11,13.20,,,,
NABSRW,12.41,06/08/21,1:1,10.60,10.62,10.75,,,,
,
Newcrest Min Last Sale Price $34.40,
NCMSZX,18.46,04/02/19,1:1,15.91,,15.32,,,,
NCMSRT,18.46,06/08/21,1:1,15.91,15.94,16.40,,,,
,
News Corp Last Sale Price $18.84,
NWSSZW,6.74,28/12/17,1:1,12.12,,,,,,
NWSSZX,9.58,04/02/19,1:1,9.29,,9.36,,,,
NWSSRW,6.74,06/08/21,1:1,12.12,12.10,,,,,
NWSSRX,7.22,06/08/21,1:1,11.64,11.62,,,,,
NWSSRT,9.58,06/08/21,1:1,9.29,9.27,,,,,
,
Origin Energy Last Sale Price $13.39,
ORGSZX,6.90,04/02/19,1:1,6.51,,6.75,,,,
ORGSZW,9.27,04/02/19,1:1,4.13,,4.40,,,,
ORGSRX,6.24,06/08/21,1:1,7.16,7.15,7.82,,,,
ORGSRT,6.90,06/08/21,1:1,6.51,6.50,6.55,,,,
ORGSRW,9.27,06/08/21,1:1,4.13,4.12,4.82,,,,
,
Orica Last Sale Price $25.72,
ORISZX,10.85,04/02/19,1:1,14.87,,12.06,,,,
ORISRT,10.85,06/08/21,1:1,14.88,14.88,,,,,
ORISRX,10.96,06/08/21,1:1,14.76,14.77,,,,,
,
Oil Search Last Sale Price $6.50,
OSHSZX,3.21,04/02/19,1:1,3.28,,3.17,,,,
OSHSRX,2.95,06/08/21,1:1,3.54,3.56,,,,,
OSHSRT,3.21,06/08/21,1:1,3.28,3.30,3.36,,,,
,
OZ Minerals Last Sale Price $11.49,
OZLSZX,6.51,04/02/19,1:1,4.95,,3.39,,,,
OZLSRX,5.31,06/08/21,1:1,6.15,6.17,6.22,,,,
OZLSRT,6.51,06/08/21,1:1,4.95,4.97,,,,,
,
Perpetual Last Sale Price $21.66,
PPTJR1,16.12,22/02/12,1:1,5.59,5.55,,,,,
PPTSZU,16.54,04/02/19,1:1,5.16,,3.85,,,,
PPTSRX,9.53,06/08/21,1:1,12.18,12.14,12.11,,,,
PPTSRU,16.50,06/08/21,1:1,5.20,5.16,5.43,,,,
,
Primary Health Care Last Sale Price $2.97,
PRYSZU,1.73,04/02/19,1:1,1.25,,1.60,,,,
PRYSZX,2.33,04/02/19,1:1,.645,,1.19,,,,
PRYSRX,1.31,06/08/21,1:1,1.67,1.665,,,,,
PRYSRU,1.73,06/08/21,1:1,1.25,1.245,,,,,
PRYSRT,2.33,06/08/21,1:1,.645,.64,,,,,
,
Qantas Airways Last Sale Price $1.54,
QANSZT,0.80,28/12/17,1:1,.74,,.765,,,,
QANSZU,1.20,04/02/19,1:1,.34,,.405,,,,
QANSRX,0.73,06/08/21,1:1,.805,.81,.90,,,,
QANSRT,0.80,06/08/21,1:1,.74,.745,,,,,
QANSRU,1.20,06/08/21,1:1,.34,.345,.35,,,,
,
QBE Insurance Grp Last Sale Price $11.80,
QBESZW,8.30,04/02/19,1:1,3.52,,2.23,,,,
QBESRX,5.59,06/08/21,1:1,6.23,6.21,6.35,,,,
QBESRW,8.30,06/08/21,1:1,3.52,3.50,3.85,,,,
,
QR National Last Sale Price $3.73,
QRNSZX,1.47,04/02/19,1:1,2.25,,1.53,,,,
QRNSRT,1.47,06/08/21,1:1,2.25,2.26,,,,,
QRNSRX,1.54,06/08/21,1:1,2.19,2.20,,,,,
,
Ramsay Health Care Last Sale Price $18.58,
RHCSRX,9.58,06/08/21,1:1,8.99,9.00,,,,,
,
Rio Tinto Last Sale Price $69.28,
RIOSZX,3.39,04/02/19,1:1,65.87,,83.70,,,,
RIOSZW,30.32,04/02/19,1:1,38.94,,40.81,,,,
RIOSZU,35.11,04/02/19,1:1,34.15,,37.05,,,,
RIOSZV,41.50,04/02/19,1:1,27.76,,27.99,-111,15,,
RIOSRT,3.39,06/08/21,1:1,65.87,65.90,,,,,
RIOSRW,30.32,06/08/21,1:1,38.94,38.97,39.59,,,,
RIOSRX,33.74,06/08/21,1:1,35.52,35.55,33.12,,,,
RIOSRU,35.11,06/08/21,1:1,34.15,34.18,35.00,+40,5,,
RIOSRV,41.50,06/08/21,1:1,27.76,27.79,28.00,-96,23,,
,
ResMed Inc Last Sale Price $2.76,
RMDSZX,1.91,04/02/19,1:1,.835,,.58,,,,
RMDSRX,1.29,06/08/21,1:1,1.46,1.475,,,,,
RMDSRT,1.91,06/08/21,1:1,.84,.855,,,,,
,
SPDR 50 Fund Last Sale Price $40.80,
SFYSZX,18.17,04/02/19,1:1,22.54,,22.56,,,,
SFYSZW,23.40,04/02/19,1:1,17.31,,16.00,,,,
SFYSOX,22.10,19/11/20,1:1,18.68,,,,,,
SFYSRX,17.87,06/08/21,1:1,22.84,22.97,22.91,,,,
SFYSRT,18.17,06/08/21,1:1,22.54,22.67,,,,,
SFYSRW,23.40,06/08/21,1:1,17.31,17.44,17.40,,,,
,
Stockland Last Sale Price $3.18,
SGPSZU,1.79,04/02/19,1:1,1.39,,1.585,,,,
SGPSRX,1.14,06/08/21,1:1,2.03,2.04,2.12,,,,
SGPSRU,1.78,06/08/21,1:1,1.395,1.40,1.36,,,,
,
Sonic Healthcare Last Sale Price $11.19,
SHLSZX,5.80,04/02/19,1:1,5.35,,5.28,,,,
SHLSZW,7.83,04/02/19,1:1,3.32,,4.22,,,,
SHLSRX,5.00,06/08/21,1:1,6.16,6.20,,,,,
SHLSRT,5.80,06/08/21,1:1,5.35,5.39,,,,,
SHLSRW,7.83,06/08/21,1:1,3.32,3.36,,,,,
,
Spark Infrastructure Last Sale Price $1.37,
SKIJR2,0.80,24/07/12,1:1,.565,.57,,,,,
SKISZX,0.53,04/02/19,1:1,.835,,.79,,,,
SKISRT,0.53,06/08/21,1:1,.835,.84,,,,,
SKISRX,0.55,06/08/21,1:1,.82,.825,.825,,,,
,
SPDR Prop Fund Last Sale Price $7.50,
SLFSZX,3.22,04/02/19,1:1,4.29,,4.23,,,,
SLFSZW,4.45,04/02/19,1:1,3.07,,2.80,,,,
SLFSOX,4.07,19/11/20,1:1,3.47,,,,,,
SLFSRX,3.01,06/08/21,1:1,4.50,4.54,,,,,
SLFSRT,3.22,06/08/21,1:1,4.29,4.28,,,,,
SLFSRY,3.50,06/08/21,1:1,4.01,,,,,,
SLFSRW,4.45,06/08/21,1:1,3.07,3.11,3.13,,,,
,
iShares S&P 500 etf,
SP5SRX,59.30,06/08/21,1:1,60.76,60.83,,,,,
,
Santos Last Sale Price $13.79,
STOSZW,6.69,04/02/19,1:1,7.13,,4.68,,,,
STOSZX,8.47,04/02/19,1:1,5.34,,4.95,,,,
STOSRX,5.39,06/08/21,1:1,8.42,8.40,,,,,
STOSRW,6.69,06/08/21,1:1,7.13,7.11,6.93,,,,
STOSRT,8.47,06/08/21,1:1,5.34,5.32,4.03,,,,
,
SPDR 200 Fund Last Sale Price $39.60,
STWSZX,16.55,04/02/19,1:1,23.02,,21.87,,,,
STWSZU,20.80,04/02/19,1:1,18.76,,17.27,,,,
STWSZW,25.95,04/02/19,1:1,13.62,,13.70,,,,
STWSOX,22.87,19/11/20,1:1,16.68,,19.30,,,,
STWSRT,16.55,06/08/21,1:1,23.02,23.06,,,,,
STWSRX,17.40,06/08/21,1:1,22.17,22.21,22.62,,,,
STWSRY,19.66,06/08/21,1:1,19.90,,,,,,
STWSRU,20.80,06/08/21,1:1,18.76,18.80,17.79,,,,
STWSRW,25.95,06/08/21,1:1,13.62,13.66,13.77,,,,
,
Suncorp Grp Last Sale Price $8.30,
SUNJR1,5.85,24/07/12,1:1,2.44,2.45,,,,,
SUNSZX,2.60,04/02/19,1:1,5.68,,5.85,,,,
SUNSZW,4.19,04/02/19,1:1,4.10,,4.29,,,,
SUNSRT,2.60,06/08/21,1:1,5.68,5.70,,,,,
SUNSRX,3.03,06/08/21,1:1,5.25,5.27,,,,,
SUNSRW,4.19,06/08/21,1:1,4.10,4.12,,,,,
,
Seven West Media Last Sale Price $3.52,
SWMJR2,2.21,24/07/12,1:1,1.32,1.315,,,,,
SWMSZW,1.48,28/12/17,1:1,2.04,,1.74,,,,
SWMSRX,1.04,06/08/21,1:1,2.49,2.49,1.75,,,,
SWMSRW,1.48,06/08/21,1:1,2.04,2.04,2.16,,,,
,
Sydney Airport Last Sale Price $2.65,
SYDSZW,0.55,04/02/19,1:1,2.09,,2.16,,,,
SYDSRX,0.55,06/08/21,1:1,2.09,2.11,,,,,
SYDSRT,0.71,06/08/21,1:1,1.925,1.94,,,,,
SYDSRW,1.21,06/08/21,1:1,1.425,1.44,,,,,
,
SPDR MSCI Aus Sel HDY Last Sale Price $22.13,
SYISZX,12.10,04/02/19,1:1,10.00,,12.94,,,,
SYISOX,12.37,19/11/20,1:1,9.75,,10.73,,,,
SYISRX,9.29,06/08/21,1:1,12.81,12.90,,,,,
SYISRT,12.10,06/08/21,1:1,10.00,10.09,,,,,
,
Tabcorp Hldgs Last Sale Price $2.75,
TAHSZX,1.01,04/02/19,1:1,1.72,,1.37,,,,
TAHSZW,1.58,04/02/19,1:1,1.145,,1.145,,,,
TAHSRT,1.01,06/08/21,1:1,1.72,1.745,1.765,,,,
TAHSRX,1.31,06/08/21,1:1,1.415,1.44,1.515,,,,
TAHSRW,1.58,06/08/21,1:1,1.145,1.17,1.05,,,,
,
Transurban Grp Last Sale Price $5.61,
TCLSZX,1.85,04/02/19,1:1,3.74,,2.14,,,,
TCLSZW,2.92,04/02/19,1:1,2.67,,1.925,,,,
TCLSRT,1.85,06/08/21,1:1,3.74,3.76,,,,,
TCLSRX,2.18,06/08/21,1:1,3.41,3.43,,,,,
TCLSRW,2.92,06/08/21,1:1,2.67,2.69,,,,,
,
Telstra Corp Last Sale Price $3.41,
TLSJR1,2.24,15/06/12,1:1,1.17,1.175,1.17,,,,
TLSSZW,1.33,04/02/19,1:1,2.08,,2.00,,,,
TLSSZX,1.62,04/02/19,1:1,1.79,,1.815,,,,
TLSSRX,1.29,06/08/21,1:1,2.12,2.13,2.01,,,,
TLSSRW,1.33,06/08/21,1:1,2.08,2.09,2.01,,,,
TLSSRT,1.62,06/08/21,1:1,1.79,1.795,1.80,,,,
,
Toll Hldgs Last Sale Price $5.10,
TOLSZX,2.70,04/02/19,1:1,2.39,,2.14,,,,
TOLSZU,3.33,04/02/19,1:1,1.76,,1.625,,,,
TOLSRX,1.79,06/08/21,1:1,3.30,3.32,3.05,,,,
TOLSRT,2.70,06/08/21,1:1,2.39,2.41,2.08,,,,
TOLSRU,3.33,06/08/21,1:1,1.76,1.775,,,,,
,
Tatts Grp Last Sale Price $2.50,
TTSSZX,1.23,04/02/19,1:1,1.265,,1.205,,,,
TTSSRX,0.92,06/08/21,1:1,1.575,1.58,,,,,
TTSSRT,1.23,06/08/21,1:1,1.265,1.27,,,,,
,
UGL Last Sale Price $13.21,
UGLSZX,4.29,04/02/19,1:1,8.94,,9.02,,,,
UGLSZV,6.93,04/02/19,1:1,6.29,,,,,,
UGLSZW,8.44,04/02/19,1:1,4.79,,4.44,,,,
UGLSRT,4.29,06/08/21,1:1,8.94,8.93,,,,,
UGLSRX,5.48,06/08/21,1:1,7.75,7.74,6.40,,,,
UGLSRV,6.93,06/08/21,1:1,6.29,6.28,5.17,,,,
UGLSRW,8.44,06/08/21,1:1,4.79,4.78,5.03,,,,
,
Westpac Banking Last Sale Price $20.90,
WBCJR1,14.10,22/02/12,1:1,6.78,6.81,6.96,,,,
WBCSZX,5.73,04/02/19,1:1,15.15,,14.82,,,,
WBCSZW,8.63,04/02/19,1:1,12.24,,12.15,,,,
WBCSZU,11.01,04/02/19,1:1,9.87,,9.38,,,,
WBCSZV,13.43,04/02/19,1:1,7.44,,7.75,,,,
WBCSRT,5.73,06/08/21,1:1,15.15,15.18,,,,,
WBCSRW,8.63,06/08/21,1:1,12.24,12.27,12.94,,,,
WBCSRX,8.86,06/08/21,1:1,12.01,12.04,12.08,,,,
WBCSRU,11.01,06/08/21,1:1,9.87,9.90,9.40,,,,
WBCSRV,13.43,06/08/21,1:1,7.44,7.47,7.60,,,,
,
Westfield Grp Last Sale Price $8.37,
WDCJR1,6.10,15/06/12,1:1,2.28,2.28,2.68,,,,
WDCSZX,1.48,04/02/19,1:1,6.89,,5.88,,,,
WDCSZV,3.57,04/02/19,1:1,4.80,,4.12,,,,
WDCSZW,4.59,04/02/19,1:1,3.79,,3.86,,,,
WDCSRT,1.48,06/08/21,1:1,6.89,6.89,,,,,
WDCSRX,3.26,06/08/21,1:1,5.11,5.11,4.82,,,,
WDCSRV,3.57,06/08/21,1:1,4.80,4.80,,,,,
WDCSRW,4.59,06/08/21,1:1,3.79,3.79,3.36,,,,
,
Wesfarmers Option/Basket Last Sale Price $30.20,
WE3SZY,15.24,04/02/19,1:1,14.92,,19.21,,,,
WE3SRY,15.24,06/08/21,1:1,14.92,14.97,16.86,,,,
,
Wesfarmers Last Sale Price $29.55,
WESJR2,22.06,24/07/12,1:1,7.53,7.49,7.45,,,,
WESSZX,7.82,04/02/19,1:1,21.78,,22.45,,,,
WESSZW,13.03,04/02/19,1:1,16.56,,17.30,,,,
WESSZV,18.43,04/02/19,1:1,11.17,,13.86,,,,
WESSRT,7.82,06/08/21,1:1,21.78,21.74,,,,,
WESSRX,12.72,06/08/21,1:1,16.88,16.84,,,,,
WESSRW,13.03,06/08/21,1:1,16.56,16.52,17.58,,,,
WESSRV,18.43,06/08/21,1:1,11.17,11.13,11.02,,,,
,
WorleyParsons Last Sale Price $28.00,
WORSZX,7.20,04/02/19,1:1,20.76,,17.80,,,,
WORSZW,11.99,04/02/19,1:1,15.97,,15.05,,,,
WORSZV,14.69,04/02/19,1:1,13.26,,14.49,,,,
WORSRT,7.20,06/08/21,1:1,20.76,20.81,,,,,
WORSRX,11.37,06/08/21,1:1,16.58,16.63,,,,,
WORSRW,11.99,06/08/21,1:1,15.97,16.02,,,,,
WORSRV,14.69,06/08/21,1:1,13.26,13.31,11.35,,,,
,
Woolworths Last Sale Price $24.99,
WOWJR1,16.98,24/07/12,1:1,8.02,8.02,,,,,
WOWSZX,13.58,04/02/19,1:1,11.41,,12.10,,,,
WOWSRX,11.46,06/08/21,1:1,13.53,13.53,13.03,,,,
WOWSRT,13.58,06/08/21,1:1,11.41,11.41,12.23,,,,
,
Woodside Petroleum Last Sale Price $35.17,
WPLSZX,17.79,04/02/19,1:1,17.24,,16.44,,,,
WPLSZV,25.34,04/02/19,1:1,9.69,,8.99,,,,
WPLSRX,17.03,06/08/21,1:1,17.99,18.14,17.41,,,,
WPLSRT,17.79,06/08/21,1:1,17.24,17.39,13.20,,,,
WPLSRV,25.34,06/08/21,1:1,9.69,9.84,9.90,,,,
,
Westfield Retail Tr Last Sale Price $2.35,
WRTJR2,1.60,24/07/12,1:1,.745,.75,,,,,
,
Index Call Warrants,
S&P/ASX 200 Last Value 4242.8,
XJOVRM,3800.00,14/03/12,.005:1,2.03,2.07,1.83,,,,
XJOUMD,4000.00,14/03/12,.005:1,1.24,1.25,1.315,,,,
XJOWOF,4100.00,14/03/12,.005:1,.995,1.00,1.405,,,,
XJOVRG,4123.00,14/03/12,.005:1,.595,.68,1.385,,,,
XJOUMA,4200.00,14/03/12,.005:1,.535,.545,.555,-5.5,400,,
XJOVRN,4200.00,14/03/12,.005:1,.345,.435,.48,,,,
XJOWOG,4200.00,14/03/12,.005:1,.685,.69,.675,-24.5,100,,
XJOVRH,4300.00,14/03/12,.005:1,.13,.205,.285,,,,
XJOWOH,4300.00,14/03/12,.005:1,.43,.435,.585,,,,
XJOUMB,4400.00,14/03/12,.005:1,.15,.155,.21,,,,
XJOWOI,4400.00,14/03/12,.005:1,.225,.23,,,,,
XJOVRI,4500.00,14/03/12,.005:1,.008,.04,.078,,,,
XJOWOK,4500.00,14/03/12,.005:1,.115,.12,.245,,,,
XJOUMC,4600.00,14/03/12,.005:1,.027,.032,.125,,,,
XJOVRO,4700.00,14/03/12,.005:1,.018,.04,,,,,
XJOVRA,5100.00,14/03/12,.005:1,,,,,,,
XJOTM5,4132.08,15/06/12,.23:1,43.05,47.87,47.46,,,,
XJOVRJ,4300.00,20/06/12,.005:1,.85,.855,,,,,
XJOVRK,4400.00,20/06/12,.005:1,.63,.64,,,,,
XJOVRL,4500.00,20/06/12,.005:1,.455,.46,,,,,
XJOTM1,4605.00,19/09/12,.005:1,.37,,.65,,,,
XJOTM2,4710.00,19/09/12,.005:1,.255,,1.095,,,,
XJOTM4,4710.00,17/09/14,.005:1,1.325,,1.42,,,,
XJOTMC,4908.00,18/03/15,.005:1,1.22,,,,,,
,
Index Put Warrants,
S&P/ASX 200 Last Value 4242.8,
XJOVRW,3350.00,14/03/12,.005:1,,.04,.38,,,,
XJOVRP,3400.00,14/03/12,.005:1,.001,,.086,,,,
XJOVRV,3550.00,14/03/12,.005:1,.005,,.135,,,,
XJOVRX,3730.00,14/03/12,.005:1,.016,.04,.016,-62.4,455,,
XJOUMX,3800.00,14/03/12,.005:1,.089,.094,.105,,,,
XJOVRQ,3800.00,14/03/12,.005:1,.024,.049,.275,,,,
XJOUMW,4000.00,14/03/12,.005:1,.21,.215,.215,,,,
XJOWOY,4000.00,14/03/12,.005:1,.315,.32,.315,,,,
XJOWOX,4100.00,14/03/12,.005:1,.455,.46,.56,,,,
XJOUMV,4200.00,14/03/12,.005:1,.50,.505,.465,+1,400,,
XJOVRR,4200.00,14/03/12,.005:1,.325,.41,.91,,,,
XJOWOW,4200.00,14/03/12,.005:1,.645,.65,,,,,
XJOWOV,4300.00,14/03/12,.005:1,.89,.895,,,,,
XJOUMY,4400.00,14/03/12,.005:1,1.11,1.12,1.085,+11.5,200,,
XJOWOU,4400.00,14/03/12,.005:1,1.185,1.19,,,,,
XJOWRQ,4700.00,14/03/12,.005:1,2.48,2.49,,,,,
XJOTM6,5050.32,15/06/12,.23:1,96.78,,,,,,
XJOWRP,4000.00,20/06/12,.005:1,.475,.565,.565,-101,150,,
XJOVRZ,4100.00,20/06/12,.005:1,.55,.715,1.05,,,,
XJOVRY,4200.00,20/06/12,.005:1,.73,.905,1.125,,,,
,
Index Barrier Call Warrants,
DJIA MINI E-CBOT,
DJXKRC,9083.94,31/12/29,.01:1,34.82,34.87,29.68,,,,
DJXKOD,9593.26,31/12/29,.01:1,30.06,30.12,,,,,
DJXKRD,10010.15,31/12/29,.01:1,26.15,26.20,,,,,
DJXKOC,10105.64,31/12/29,.01:1,25.26,25.32,,,,,
DJXKRB,10196.07,31/12/29,.01:1,24.41,24.46,,,,,
DJXKRG,10366.14,31/12/29,.01:1,22.82,22.87,,,,,
DJXKOB,10516.41,31/12/29,.01:1,21.41,21.47,,,,,
DJXKRH,10518.87,31/12/29,.01:1,21.39,21.44,,,,,
DJXKRE,10575.41,31/12/29,.01:1,20.86,20.91,9.11,,,,
DJXKRF,10741.92,31/12/29,.01:1,19.30,19.35,12.91,,,,
DJXKRM,10890.36,31/12/29,.01:1,17.91,17.96,,,,,
DJXKRL,10991.20,31/12/29,.01:1,16.98,17.01,,,,,
DJXKRK,11031.22,31/12/29,.01:1,16.59,16.64,,,,,
DJXKRA,11228.03,31/12/29,.01:1,14.75,14.80,16.53,,,,
DJXKOE,11317.66,31/12/29,.01:1,13.91,13.97,,,,,
DJXQRA,11428.53,31/12/29,.01:1,12.88,12.92,,,,,
DJXKRI,11629.03,31/12/29,.01:1,11.00,11.04,,,,,
DJXKRJ,11829.53,31/12/29,.01:1,9.12,9.17,,,,,
,
H-Shares IDX Futures,
HCXKRB,8609.60,31/12/29,.01:1,3.35,3.46,1.68,,,,
HCXKRC,8861.32,31/12/29,.01:1,3.04,3.15,,,,,
HCXKRD,9272.83,31/12/29,.01:1,2.55,2.66,,,,,
HCXKRE,9523.45,31/12/29,.01:1,2.25,2.35,,,,,
HCXKRF,9774.07,31/12/29,.01:1,1.945,2.05,,,,,
HCXKRA,10024.68,31/12/29,.01:1,1.645,1.745,3.08,,,,
,
Hang Seng IDX Futures,
HSXKRG,16133.07,31/12/29,.01:1,5.68,5.72,,,,,
HSXKRF,16255.27,31/12/29,.01:1,5.54,5.57,2.34,,,,
HSXKRE,16285.01,31/12/29,.01:1,5.50,5.54,,,,,
HSXKRA,16445.62,31/12/29,.01:1,5.31,5.34,8.85,,,,
HSXKRJ,16551.94,31/12/29,.01:1,5.18,5.21,,,,,
HSXKRB,16744.21,31/12/29,.01:1,4.95,4.98,,,,,
HSXKRI,16955.35,31/12/29,.01:1,4.69,4.73,,,,,
HSXKRK,17041.96,31/12/29,.01:1,4.59,4.62,,,,,
HSXKRC,17543.20,31/12/29,.01:1,3.98,4.02,1.495,,,,
HSXKRH,18044.43,31/12/29,.01:1,3.38,3.41,,,,,
HSXKRD,18545.67,31/12/29,.01:1,2.77,2.81,2.90,,,,
,
S&P/ASX 200 Banks Accum Ind,
J4AKRA,36478.26,31/12/29,.001:1,13.22,13.38,13.06,,,,
,
Nasdaq 100 E-MINI,
NDXKOB,1781.96,31/12/29,.01:1,7.30,7.33,5.26,,,,
NDXKOC,1884.02,31/12/29,.01:1,6.34,6.37,,,,,
NDXKRE,1917.11,31/12/29,.01:1,6.04,6.06,7.18,,,,
NDXKRC,1940.19,31/12/29,.01:1,5.82,5.85,3.04,,,,
NDXKRA,1966.83,31/12/29,.01:1,5.57,5.60,,,,,
NDXKRI,2016.73,31/12/29,.01:1,5.11,5.13,,,,,
NDXKRG,2032.86,31/12/29,.01:1,4.96,4.98,,,,,
NDXKOA,2036.38,31/12/29,.01:1,4.92,4.95,2.04,,,,
NDXKRH,2090.82,31/12/29,.01:1,4.41,4.44,,,,,
NDXKRJ,2117.86,31/12/29,.01:1,4.16,4.18,,,,,
NDXKRF,2205.51,31/12/29,.01:1,3.34,3.36,,,,,
NDXKRD,2255.63,31/12/29,.01:1,2.87,2.90,2.91,+23,20,,
NDXKRB,2305.76,31/12/29,.01:1,2.40,2.43,1.46,,,,
,
Nikkei 225 (Ose),
NKXKOB,7100.15,31/12/29,.10:1,2.32,2.35,,,,,
NKXKRE,7172.22,31/12/29,.10:1,2.24,2.27,,,,,
NKXKRA,7273.38,31/12/29,.10:1,2.12,2.15,,,,,
NKXKRC,7360.88,31/12/29,.10:1,2.01,2.04,1.56,,,,
NKXKRG,7480.89,31/12/29,.10:1,1.87,1.895,,,,,
NKXKOC,7511.91,31/12/29,.10:1,1.82,1.85,,,,,
NKXKRF,7584.84,31/12/29,.10:1,1.745,1.77,,,,,
NKXKRD,7650.97,31/12/29,.10:1,1.665,1.69,,,,,
NKXKZB,7747.44,31/12/29,.10:1,1.55,,2.88,,,,
NKXKRJ,7764.43,31/12/29,.10:1,1.53,1.55,,,,,
NKXKOA,7832.50,31/12/29,.10:1,1.435,1.465,,,,,
NKXKRH,7872.91,31/12/29,.10:1,1.40,1.42,,,,,
NKXKRK,7979.92,31/12/29,.10:1,1.27,1.295,,,,,
NKXKRI,8080.17,31/12/29,.10:1,1.15,1.175,,,,,
NKXKRB,8200.47,31/12/29,.10:1,1.005,1.03,,,,,
,
S&P500 EMINI Futures,
SPFKOI,958.17,31/12/29,.01:1,3.61,3.63,2.80,,,,
SPFKRB,961.75,31/12/29,.01:1,3.58,3.60,,,,,
SPFKZA,1011.72,31/12/29,.01:1,3.11,,1.58,,,,
SPFKOC,1012.95,31/12/29,.01:1,3.10,3.12,2.18,,,,
SPFKRF,1030.48,31/12/29,.01:1,2.94,2.95,,,,,
SPFKRH,1047.46,31/12/29,.01:1,2.78,2.79,1.48,,,,
SPFKRG,1058.01,31/12/29,.01:1,2.68,2.69,,,,,
SPFKOH,1059.66,31/12/29,.01:1,2.66,2.68,2.27,,,,
SPFKRI,1067.82,31/12/29,.01:1,2.59,2.60,,,,,
SPFKRD,1083.93,31/12/29,.01:1,2.44,2.45,4.32,,,,
SPFKRA,1096.24,31/12/29,.01:1,2.32,2.34,2.31,,,,
SPFKRJ,1124.06,31/12/29,.01:1,2.06,2.08,,,,,
SPFKRK,1134.16,31/12/29,.01:1,1.97,1.98,1.66,,,,
SPFKRL,1144.25,31/12/29,.01:1,1.875,1.885,.985,,,,
SPFKOG,1154.05,31/12/29,.01:1,1.775,1.795,1.57,,,,
SPFKRE,1182.95,31/12/29,.01:1,1.515,1.52,1.31,,,,
SPFKRM,1203.00,31/12/29,.01:1,1.325,1.335,,,,,
SPFKOD,1203.72,31/12/29,.01:1,1.31,1.33,2.50,,,,
SPFKRC,1233.08,31/12/29,.01:1,1.045,1.055,.965,,,,
,
Consumer Discretionary Last Value 1230.2,
XDJKRA,6817.38,31/12/29,.001:1,1.59,1.645,,,,,
,
Energy Last Value 13876.9,
XEJKRA,72614.69,31/12/29,.001:1,19.74,20.08,4.36,,,,
,
Health Care Last Value 7872.6,
XHJKRA,39393.98,31/12/29,.001:1,7.46,7.66,,,,,
,
S&P/ASX 200 Last Value 4242.8,
XJOXOC,3800.00,15/03/12,.005:1,2.41,2.42,1.76,,,,
XJOXOH,3900.00,15/03/12,.005:1,1.92,1.93,2.13,,,,
XJOXOA,4000.00,15/03/12,.005:1,1.38,1.39,1.53,-7,200,,
XJOXOE,4050.00,15/03/12,.005:1,1.185,1.195,,,,,
XJOXOI,4100.00,15/03/12,.005:1,.925,.935,.935,-20,109,,
XJOKZH,2978.91,31/12/29,.01:1,12.28,,12.97,,,,
XJOKMI,3247.04,31/12/29,.01:1,9.59,9.61,,,,,
XJOKOL,3338.12,31/12/29,.01:1,8.67,,,,,,
XJOKRA,3374.91,31/12/29,.01:1,8.32,8.34,8.59,,,,
XJOKMF,3451.21,31/12/29,.01:1,7.55,7.57,7.42,,,,
XJOKOH,3469.22,31/12/29,.01:1,7.35,7.39,7.67,,,,
XJOLOB,3522.43,31/12/29,.01:1,7.47,7.51,7.40,,,,
XJOKRO,3525.14,31/12/29,.01:1,6.81,6.83,1.96,,,,
XJOKOM,3541.35,31/12/29,.01:1,6.64,6.66,5.63,,,,
XJOKRD,3579.81,31/12/29,.01:1,6.27,6.29,5.56,,,,
XJOKOG,3585.29,31/12/29,.01:1,6.19,6.23,5.61,,,,
XJOQRD,3610.49,31/12/29,.01:1,5.96,5.98,2.26,,,,
XJOKMJ,3614.38,31/12/29,.01:1,5.92,5.94,6.00,,,,
XJOLOA,3624.92,31/12/29,.01:1,6.65,6.69,1.495,,,,
XJOKRL,3626.33,31/12/29,.01:1,5.80,5.82,,,,,
XJOKRB,3631.04,31/12/29,.01:1,5.75,5.77,4.43,,,,
XJOQRH,3638.75,31/12/29,.01:1,5.68,5.70,4.94,,,,
XJOKRJ,3648.37,31/12/29,.01:1,5.58,5.60,,,,,
XJOQRA,3662.92,31/12/29,.01:1,5.44,5.46,2.57,,,,
XJOKOF,3687.78,31/12/29,.01:1,5.17,5.21,5.55,,,,
XJOKRH,3701.45,31/12/29,.01:1,5.05,5.07,5.17,,,,
XJOKRN,3729.97,31/12/29,.01:1,4.77,4.79,4.89,,,,
XJOKML,3730.40,31/12/29,.01:1,4.76,4.78,5.34,,,,
XJOLOF,3731.39,31/12/29,.01:1,5.38,5.42,5.92,,,,
XJOQRG,3740.21,31/12/29,.01:1,4.66,4.68,,,,,
XJOKRG,3765.47,31/12/29,.01:1,4.41,4.43,4.86,,,,
XJOKOD,3795.38,31/12/29,.01:1,4.10,4.12,4.28,-29,150,,
XJOKRK,3798.86,31/12/29,.01:1,4.08,4.10,2.69,,,,
XJOQRI,3828.24,31/12/29,.01:1,3.78,3.80,4.01,,,,
XJOKRM,3830.78,31/12/29,.01:1,3.76,3.78,3.91,,,,
XJOKME,3831.51,31/12/29,.01:1,3.75,3.77,4.01,,,,
XJOLOE,3832.65,31/12/29,.01:1,4.37,4.41,5.05,,,,
XJOKOB,3835.99,31/12/29,.01:1,3.69,3.71,3.74,-44,10,,
XJOLOD,3933.90,31/12/29,.01:1,3.35,3.39,3.29,-47,200,,
XJOKRI,3949.24,31/12/29,.01:1,2.57,2.75,2.61,-38,1110,,
,
S&P/ASX 200 Res Last Value 4794.7,
XJRKRA,19653.16,31/12/29,.001:1,4.16,4.27,,,,,
,
Materials Last Value 11467.6,
XMJKRA,62241.17,31/12/29,.001:1,11.78,12.14,10.70,,,,
,
Industrials Last Value 3573.5,
XNJKRA,21049.89,31/12/29,.001:1,6.27,6.39,,,,,
,
Consumer Staples Last Value 7350.2,
XSJKRA,43400.88,31/12/29,.001:1,10.37,10.59,,,,,
,
Utilities Last Value 4610.8,
XUJKRA,30821.41,31/12/29,.001:1,11.74,11.92,,,,,
,
Financial-x-A-REIT Last Value 4602.3,
XXJKRA,30902.73,31/12/29,.001:1,7.99,8.20,,,,,
,
Index Barrier Put Warrants,
DJIA MINI E-CBOT,
DJXKRT,13643.17,31/12/29,.01:1,7.81,7.85,11.89,,,,
DJXKOR,13729.96,31/12/29,.01:1,8.58,8.64,10.31,,,,
DJXKRV,13806.75,31/12/29,.01:1,9.34,9.38,9.40,,,,
DJXKRP,13952.05,31/12/29,.01:1,10.70,10.74,6.15,,,,
DJXKOT,14020.70,31/12/29,.01:1,11.31,11.37,,,,,
DJXKRW,14053.55,31/12/29,.01:1,11.65,11.70,13.66,,,,
DJXQRP,14208.69,31/12/29,.01:1,13.10,13.15,13.33,,,,
DJXQRR,14374.02,31/12/29,.01:1,14.66,14.69,,,,,
DJXKOS,14449.14,31/12/29,.01:1,15.32,15.38,,,,,
DJXQRS,14473.84,31/12/29,.01:1,15.59,15.62,15.51,,8,,
DJXQRT,14673.48,31/12/29,.01:1,17.46,17.49,,,,,
DJXQRU,14873.12,31/12/29,.01:1,19.33,19.36,19.35,,1,,
DJXQRV,15072.76,31/12/29,.01:1,21.20,21.23,,,,,
DJXQRQ,15086.06,31/12/29,.01:1,21.31,21.36,11.92,,,,
,
H-Shares IDX Futures,
HCXKRQ,12375.82,31/12/29,.01:1,1.085,1.185,,,,,
HCXQRQ,12475.62,31/12/29,.01:1,1.205,1.305,,,,,
HCXQRT,12486.45,31/12/29,.01:1,1.265,1.28,,,,,
HCXQRU,12680.14,31/12/29,.01:1,1.50,1.515,,,,,
HCXKRP,12781.69,31/12/29,.01:1,1.575,1.675,,,,,
HCXQRV,12879.81,31/12/29,.01:1,1.74,1.755,,,,,
HCXQRW,13179.31,31/12/29,.01:1,2.10,2.12,,,,,
HCXQRR,13237.93,31/12/29,.01:1,2.12,2.23,1.90,,,,
HCXQRP,13484.20,31/12/29,.01:1,2.42,2.53,,,,,
HCXQRS,13737.48,31/12/29,.01:1,2.72,2.83,,,,,
,
Hang Seng IDX Futures,
HSXKRQ,22349.16,31/12/29,.01:1,1.81,1.84,1.80,+6,20,,
HSXKRT,22822.20,31/12/29,.01:1,2.38,2.41,2.11,,,,
HSXQRP,23036.95,31/12/29,.01:1,2.64,2.67,2.80,,,,
HSXQRR,23458.18,31/12/29,.01:1,3.14,3.16,,,,,
HSXQRQ,23716.02,31/12/29,.01:1,3.46,3.49,3.45,,,,
HSXKRS,23778.33,31/12/29,.01:1,3.53,3.57,,,,,
HSXQRS,23957.29,31/12/29,.01:1,3.75,3.76,,,,,
HSXQRT,24356.58,31/12/29,.01:1,4.23,4.24,,,,,
HSXKZP,24827.21,31/12/29,.01:1,4.80,,6.11,,,,
HSXKRP,24959.23,31/12/29,.01:1,4.96,4.99,2.33,,,,
,
S&P/ASX 200 Banks Accum Ind,
J4AKRP,57888.18,31/12/29,.001:1,8.13,8.29,8.45,,,,
J4AKRQ,59948.41,31/12/29,.001:1,10.24,10.25,,,,,
,
Nasdaq 100 E-MINI,
NDXKOP,2692.63,14/02/12,.01:1,,,1.215,,,,
NDXKOS,2747.50,31/12/29,.01:1,1.69,1.72,1.735,,200,,
NDXKRQ,2793.36,31/12/29,.01:1,2.15,2.17,,,,,
NDXKOT,2798.54,31/12/29,.01:1,2.17,2.20,,,,,
NDXKOU,2848.52,31/12/29,.01:1,2.64,2.67,,,,,
NDXKRW,2849.62,31/12/29,.01:1,2.68,2.69,,,,,
NDXQRQ,2893.12,31/12/29,.01:1,3.08,3.10,,,,,
NDXQRR,2894.77,31/12/29,.01:1,3.10,3.11,3.10,-4,60,,
NDXQRS,2994.59,31/12/29,.01:1,4.03,4.05,,,,,
,
Nikkei 225 (Ose),
NKXKRP,9572.17,31/12/29,.10:1,.63,.65,,,,,
NKXKRQ,9726.87,31/12/29,.10:1,.815,.84,2.72,,,,
NKXQRP,9831.61,31/12/29,.10:1,.94,.955,2.07,,,,
NKXKRS,10011.10,31/12/29,.10:1,1.16,1.18,,,,,
NKXKRT,10110.22,31/12/29,.10:1,1.275,1.30,,,,,
NKXQRQ,10281.42,31/12/29,.10:1,1.485,1.495,,,,,
NKXKRR,10290.49,31/12/29,.10:1,1.495,1.515,,,,,
NKXQRR,10484.05,31/12/29,.10:1,1.725,1.74,,,,,
NKXKOP,10645.89,31/12/29,.10:1,1.895,1.925,,,,,
NKXKOR,11494.01,31/12/29,.10:1,2.92,2.95,,,,,
NKXKOQ,13081.03,31/12/29,.10:1,4.83,4.86,,,,,
,
S&P500 EMINI Futures,
SPFKZV,1421.84,14/02/12,.01:1,.64,,.715,,,,
SPFKRZ,1440.79,31/12/29,.01:1,.89,.90,.895,+1.5,4620,,
SPFKOW,1454.88,31/12/29,.01:1,1.03,1.03,1.03,-.5,30,,
SPFKRU,1461.45,31/12/29,.01:1,1.085,1.095,1.07,-2.5,20,,
SPFKRX,1481.43,31/12/29,.01:1,1.27,1.28,,,,,
SPFKOX,1494.74,31/12/29,.01:1,1.38,1.40,1.815,,,,
SPFKRQ,1502.05,31/12/29,.01:1,1.465,1.475,2.43,,,,
SPFKRY,1529.99,31/12/29,.01:1,1.725,1.735,1.70,,,,
SPFKOY,1534.60,31/12/29,.01:1,1.755,1.775,,,,,
SPFKRT,1554.04,31/12/29,.01:1,1.95,1.96,2.39,,,,
SPFKZS,1583.15,31/12/29,.01:1,2.22,,3.06,,,,
SPFKOZ,1583.18,31/12/29,.01:1,2.21,2.23,2.23,,40,,
SPFQRP,1587.13,31/12/29,.01:1,2.26,2.27,,,,,
SPFQRR,1602.10,31/12/29,.01:1,2.40,2.41,,,,,
SPFQRS,1617.08,31/12/29,.01:1,2.54,2.55,,,,,
,
Consumer Discretionary Last Value 1230.2,
XDJKRP,10490.11,31/12/29,.001:1,2.07,2.13,2.54,,,,
,
Health Care Last Value 7872.6,
XHJKRP,62207.75,31/12/29,.001:1,15.34,15.54,,,,,
,
S&P/ASX 200 Last Value 4242.8,
XJOXOQ,4300.00,15/03/12,.005:1,.765,.775,.795,+6,400,,
XJOXOR,4400.00,15/03/12,.005:1,1.22,1.23,1.215,+8,60,,
XJOXOS,4500.00,15/03/12,.005:1,1.76,1.77,2.19,,,,
XJOXOT,4600.00,15/03/12,.005:1,2.26,2.27,2.75,,,,
XJOXOP,4700.00,15/03/12,.005:1,2.81,2.82,,,,,
XJOLOT,4335.02,31/12/29,.01:1,1.865,1.885,1.905,+41.5,270,,
XJOLOU,4433.88,31/12/29,.01:1,2.89,2.91,2.94,+45,348,,
XJOQRP,4518.82,31/12/29,.01:1,3.10,3.12,2.93,,,,
XJOLOP,4528.01,31/12/29,.01:1,4.04,4.06,3.55,,,,
XJOQRX,4546.35,31/12/29,.01:1,3.38,3.40,3.17,+21,600,,
XJOKMU,4575.93,31/12/29,.01:1,3.67,3.69,3.73,+46,300,,
XJOKRT,4584.51,31/12/29,.01:1,3.76,3.89,3.74,+38,40,,
XJOKOY,4595.72,31/12/29,.01:1,3.87,3.89,3.79,,,,
XJOQRW,4615.13,31/12/29,.01:1,4.07,4.09,4.31,,,,
XJOKOX,4621.80,31/12/29,.01:1,4.12,4.16,3.80,,,,
XJOLOQ,4626.77,31/12/29,.01:1,4.83,4.85,,,,,
XJOKO4,4660.18,31/12/29,.01:1,4.52,4.54,4.40,,,,
XJOQRY,4662.23,31/12/29,.01:1,4.54,4.56,4.18,,,,
XJOKRP,4679.13,31/12/29,.01:1,4.71,4.73,4.70,-2,20,,
XJOKMQ,4680.72,31/12/29,.01:1,4.72,4.74,4.70,,,,
XJOKO1,4708.89,31/12/29,.01:1,5.00,5.02,4.70,-31,20,,
XJOQRV,4713.68,31/12/29,.01:1,5.05,5.07,4.97,,,,
XJOLOR,4725.53,31/12/29,.01:1,5.82,5.84,,,,,
XJOKMW,4743.88,31/12/29,.01:1,5.35,5.37,5.30,,,,
XJOKRW,4748.31,31/12/29,.01:1,5.40,5.42,5.50,+50,40,,
XJOKRR,4787.06,31/12/29,.01:1,5.79,5.81,6.01,,,,
XJOKOQ,4801.89,31/12/29,.01:1,5.93,5.95,5.93,+29,200,,
XJOQRU,4812.23,31/12/29,.01:1,6.04,6.06,,,,,
XJOKMP,4818.95,31/12/29,.01:1,6.10,6.12,5.98,,,,
XJOLOS,4824.29,31/12/29,.01:1,6.81,6.83,6.75,,,,
XJOKRS,4828.05,31/12/29,.01:1,6.20,6.22,6.18,,,,
XJOKO2,4846.67,31/12/29,.01:1,6.38,6.40,6.42,+16,20,,
XJOKRU,4866.37,31/12/29,.01:1,6.58,6.60,6.23,,,,
XJOKRQ,4888.72,31/12/29,.01:1,6.80,6.82,6.80,+18,30,,
XJOKOP,4890.51,31/12/29,.01:1,6.82,6.84,6.61,+18,20,,
XJOKZS,4891.58,31/12/29,.01:1,6.83,,6.53,,,,
XJOQRT,4910.78,31/12/29,.01:1,7.02,7.04,7.33,,,,
XJOKMX,4941.63,31/12/29,.01:1,7.33,7.35,7.58,,,,
XJOKRV,4983.96,31/12/29,.01:1,7.75,7.77,7.70,,,,
XJOQRS,5009.34,31/12/29,.01:1,8.01,8.03,,,,,
XJOKRZ,5050.76,31/12/29,.01:1,8.42,8.44,8.52,+19,3,,
XJOKZT,5095.46,31/12/29,.01:1,8.87,,10.43,,,,
XJOQR1,5140.30,31/12/29,.01:1,9.32,9.34,,,,,
XJOKMY,5183.01,31/12/29,.01:1,9.74,9.76,,,,,
XJOKZZ,5189.24,31/12/29,.01:1,9.81,,11.50,,,,
XJOQRR,5236.06,31/12/29,.01:1,10.28,10.30,9.73,,,,
XJOKMZ,5412.45,31/12/29,.01:1,12.04,12.06,,,,,
XJOKRY,5420.82,31/12/29,.01:1,12.12,12.14,,,,,
XJOKZQ,5481.42,31/12/29,.01:1,12.73,,14.50,,,,
XJOKMV,5610.01,31/12/29,.01:1,14.01,14.03,15.19,,,,
,
S&P/ASX 200 Res Last Value 4794.7,
XJRKRP,31188.05,31/12/29,.001:1,7.37,7.48,7.65,,,,
,
Industrials Last Value 3573.5,
XNJKRP,33240.26,31/12/29,.001:1,5.91,6.03,,,,,
,
Consumer Staples Last Value 7350.2,
XSJKRP,68535.10,31/12/29,.001:1,14.76,14.98,,,,,
,
Utilities Last Value 4610.8,
XUJKRP,48670.63,31/12/29,.001:1,6.10,6.28,,,,,
,
Financial-x-A-REIT Last Value 4602.3,
XXJKRP,48799.05,31/12/29,.001:1,9.89,10.10,,,,,
,
International Equity Call Warrants,
BHP Billiton,
ZBHWSC,0.01,02/03/12,1:1,30.28,30.53,32.19,,,,
ZBHWOC,0.01,23/07/12,1:1,30.27,30.53,30.40,-44,1,,
ZBHWOD,0.01,11/07/14,1:1,30.27,30.53,30.40,-44,1,,
ZBHWMA,0.01,31/10/14,1:1,30.25,30.49,30.37,-43,1,,
ZBHWMB,0.01,10/12/14,1:1,30.25,30.49,30.37,-43,1,,
,
Rio Tinto,
ZRIWSC,0.01,02/03/12,1:1,55.19,55.63,56.46,,,,
ZRIWOC,0.01,23/07/12,1:1,55.41,55.87,55.60,-82,1,,
ZRIWOD,0.01,11/07/14,1:1,55.41,55.87,55.60,-82,1,,
ZRIWMA,0.01,31/10/14,1:1,69.10,69.16,55.29,-101,1,,
,
International Equity Put Warrants,
International Equity Endowment Warrants,
International Equity Installment Warrants,
Currency Call Warrants,
Currency Warrant AUD/USD,
AXUWMA,10.50,14/03/12,1:1,.415,.425,,,,,
,
Currency Put Warrants,
Currency Warrant AUD/USD,
AXUWMP,10.00,14/03/12,1:1,.11,.12,,,,,
,
Commodity Call Warrants,
Comex Silver Futures,
ZSIWZB,37.00,25/06/13,.10:1,.54,,.59,,,,
ZSIVRA,35.00,25/11/13,.10:1,.735,,.735,,,,
ZSIVRB,40.00,25/11/13,.10:1,.59,,,,,,
,
Commodity Put Warrants,
International Index Call Warrants,
International Index Put Warrants,
