Derivatives: Put Options - Weekly,,,,,,,,,,,,,,,,,,,,
Friday, February 8, 2013.,,,,,,,,,,,,,,,,,,,,
"XAO 0.0 at 0-00-00T00:00:00. Report at Friday, February 8, 2013. Processed Saturday at 2013-02-09T23:15:06+11:00.",,,,,,,,,,,,,,,,,,,,
,,,,,,,,,,,,,,,,,,,,
,,,,,,,,,,,,,,,,,,,,
,,,,,,,,,,,,,,,,,,,,
ASX Code/Series,,Ex Price,Fair Value,Last Sale,Weekly Vol 000's,Open Int,Implied Volatility,Delta,Annual % Return,,,
PUT OPTIONS,
AGL Energy Last Sale Price $15.13,
Feb,13,11.59,.00,.01,85,-,53.40,-,.34,,
Feb,13,12.07,.01,.01,168,1200,52.90,-,.86,,
Feb,13,12.31,.01,.01,85,50,52.50,-.02,1.55,,
Feb,13,14.48,.03,.02,215,2363,18.30,-.09,4.31,,
Feb,13,14.97,.11,.11,135,873,15.80,-.33,18.09,,
Feb,13,15.45,.37,.44,110,535,15.20,-.76,8.62,,
Feb,13,15.93,.81,.84,25,405,18.10,-.97,.86,,
Mar,13,10.14,-,.01,130,130,23.30,-,.30,,
Mar,13,14.24,.13,.13,467,1549,17.70,-.14,6.53,,
Mar,13,14.48,.19,.19,160,513,17.00,-.20,9.55,,
Mar,13,14.51,.20,.19,1017,-,16.70,-.20,9.80,,
Mar,13,14.76,.28,.28,50,510,16.30,-.29,14.32,,
Mar,13,15.45,.70,.70,4082,4764,15.70,-.61,19.10,,
Apr,13,14.00,.12,.07,50,172,16.60,-.11,3.86,,
Apr,13,14.50,.24,.17,200,246,15.70,-.22,7.72,,
May,13,15.00,.53,.47,81,45,15.10,-.39,11.31,,
Jun,13,13.52,.15,.09,30,50,18.10,-.11,2.58,,
Jun,13,14.24,.34,.29,10,40,17.90,-.22,5.77,,
Jun,13,14.97,.65,.53,125,182,17.70,-.39,11.20,,
Sep,13,12.79,.15,.12,30,73,17.40,-.07,1.57,,
Dec,13,14.97,.92,.73,50,50,15.10,-.36,7.01,,
Dec,13,15.45,1.19,1.04,50,262,14.80,-.48,6.66,,
,
Asciano Last Sale Price $5.08,
Feb,13,4.80,.03,.11,250,650,34.10,-.17,15.40,,
Feb,13,5.00,.09,.09,308,-,32.70,-.38,43.62,,
Apr,13,4.40,.03,.07,111,111,24.90,-.08,2.40,,
May,13,4.60,.08,.13,84,84,23.00,-.17,5.13,,
May,13,4.80,.13,.22,30,87,22.10,-.26,8.02,,
Sep,13,4.50,.14,.20,30,30,23.60,-.18,4.35,,
,
Amcor Last Sale Price $8.81,
Feb,13,8.00,.01,.02,6,2241,28.10,-.03,1.78,,
Feb,13,8.25,.02,.04,320,5052,27.80,-.09,5.92,,
Feb,13,8.50,.04,.06,1618,1135,24.20,-.20,13.32,,
Feb,13,8.75,.12,.13,170,170,22.90,-.41,35.51,,
Mar,13,7.75,.02,.04,298,1138,21.00,-.03,1.73,,
Mar,13,8.50,.16,.17,204,104,18.20,-.25,13.38,,
Apr,13,7.50,.01,.04,122,270,19.90,-.03,.83,,
Apr,13,8.00,.07,.12,61,202,18.80,-.10,3.59,,
Apr,13,8.75,.29,.33,200,183,16.20,-.40,16.30,,
Jun,13,7.50,.04,.06,100,339,17.90,-.05,1.04,,
Jun,13,7.75,.06,.07,100,100,16.90,-.07,1.63,,
Jul,13,7.75,.07,.14,42,42,16.90,-.08,1.73,,
,
AMP Last Sale Price $5.28,
Feb,13,4.90,.01,.01,400,1031,31.20,-.09,7.41,,
Feb,13,5.00,.03,.03,1500,1080,29.90,-.15,12.34,,
Feb,13,5.25,.07,.08,3620,4501,22.00,-.42,34.56,,
Feb,13,5.26,.09,.06,200,720,23.90,-.44,41.97,,
Mar,13,4.70,.04,.04,90,751,25.60,-.08,5.04,,
Mar,13,4.75,.04,.04,270,1505,24.70,-.09,5.76,,
Mar,13,4.80,.04,.04,971,2131,23.80,-.11,6.48,,
Mar,13,4.91,.07,.07,290,830,22.20,-.15,9.36,,
Mar,13,5.00,.09,.08,3721,16680,21.30,-.20,12.24,,
Mar,13,5.01,.09,.08,260,1410,20.90,-.20,12.24,,
Mar,13,5.25,.19,.20,3681,4936,19.10,-.42,27.36,,
Mar,13,5.26,.18,.14,540,1545,17.80,-.43,25.92,,
Mar,13,5.50,.37,.35,589,1400,18.70,-.71,21.60,,
Mar,13,8.01,2.83,2.76,409,409,15.30,-1.00,14.40,,
Apr,13,5.00,.11,.12,100,270,20.00,-.22,10.14,,
May,13,5.75,.63,.58,60,60,21.00,-.77,9.88,,
Jun,13,4.75,.09,.07,90,2768,20.60,-.15,4.20,,
Jun,13,5.00,.15,.14,350,1820,18.90,-.25,7.41,,
Jun,13,5.01,.16,.14,100,100,19.20,-.26,7.65,,
Jun,13,5.25,.26,.20,100,983,18.30,-.41,12.84,,
Jul,13,5.00,.17,.17,80,80,19.40,-.26,7.20,,
Sep,13,3.90,.04,.19,1000,30,26.50,-.04,1.35,,
Sep,13,4.90,.23,.20,400,2400,20.90,-.24,6.88,,
Sep,13,5.00,.27,.30,550,3777,20.50,-.28,8.08,,
Sep,13,6.00,.94,.92,10,520,19.10,-.87,6.43,,
Dec,13,4.80,.25,.22,24,2019,21.40,-.22,5.38,,
Dec,13,5.00,.32,.81,300,1044,20.80,-.29,7.02,,
Dec,13,5.25,.44,.40,80,1600,19.80,-.39,9.55,,
,
ANZ Banking Grp Last Sale Price $28.12,
Feb,13,24.00,.00,.01,240,3388,30.20,-,-,,
Feb,13,24.50,.00,.01,514,5392,29.90,-,.28,,
Feb,13,25.00,.01,.01,220,3398,29.70,-.02,.83,,
Feb,13,25.01,.01,.01,140,240,29.50,-.02,.83,,
Feb,13,25.50,.01,.03,85,1116,27.00,-.02,1.39,,
Feb,13,25.51,.01,.01,300,2108,26.60,-.02,1.39,,
Feb,13,26.00,.01,.02,3175,3596,23.00,-.03,1.39,,
Feb,13,26.01,.01,.02,329,670,22.90,-.03,1.39,,
Feb,13,26.50,.04,.04,7030,5933,22.10,-.07,3.71,,
Feb,13,26.51,.04,.07,125,150,22.00,-.07,3.71,,
Feb,13,27.00,.07,.09,2311,1036,19.80,-.12,6.49,,
Feb,13,27.01,.07,.20,231,231,20.30,-.13,6.95,,
Feb,13,27.50,.17,.17,3179,719,19.60,-.25,15.30,,
Feb,13,28.00,.33,.33,665,50,18.70,-.43,30.60,,
Feb,13,28.50,.60,.62,150,-,18.70,-.63,20.40,,
Mar,13,22.01,.00,.01,45,295,24.00,-,-,,
Mar,13,23.00,.01,.03,368,10212,27.20,-.01,.41,,
Mar,13,23.50,.02,.03,550,2340,26.00,-.02,.54,,
Mar,13,24.00,.03,.03,455,6540,23.50,-.02,.68,,
Mar,13,24.01,.03,.04,27,874,23.40,-.02,.68,,
Mar,13,24.50,.04,.04,910,3848,22.60,-.03,.95,,
Mar,13,25.00,.04,.06,323,2490,20.50,-.04,1.08,,
Mar,13,25.50,.06,.10,831,4438,19.10,-.06,1.49,,
Mar,13,26.00,.09,.09,1804,2509,18.20,-.09,2.43,,
Mar,13,26.50,.14,.23,771,3199,17.20,-.14,3.65,,
Mar,13,26.51,.14,.22,215,806,17.20,-.14,3.65,,
Mar,13,27.00,.22,.23,1163,910,16.50,-.20,5.81,,
Mar,13,27.01,.22,.68,410,310,16.60,-.21,5.95,,
Mar,13,27.50,.34,.33,586,194,15.90,-.30,9.06,,
Mar,13,27.51,.34,.61,409,300,16.10,-.30,9.33,,
Mar,13,28.00,.53,.54,730,400,15.60,-.42,14.20,,
Mar,13,29.00,1.12,1.12,1165,900,15.60,-.69,6.35,,
Mar,13,29.50,1.50,1.52,400,-,15.90,-.81,3.38,,
Apr,13,19.01,-,.01,22,22,21.60,-,.26,,
Apr,13,22.00,.03,.03,842,1471,27.60,-.02,.43,,
Apr,13,24.00,.04,.06,115,2251,21.20,-.03,.78,,
Apr,13,24.50,.06,.13,2280,965,19.80,-.04,.95,,
Apr,13,25.00,.07,.14,140,1209,19.00,-.06,1.30,,
Apr,13,25.01,.07,.09,260,353,19.00,-.06,1.30,,
Apr,13,25.50,.11,.20,400,877,18.00,-.08,1.82,,
Apr,13,26.00,.15,.17,790,3621,17.20,-.12,2.60,,
Apr,13,26.01,.15,.28,904,830,17.20,-.12,2.60,,
Apr,13,26.50,.22,.27,895,1224,16.60,-.17,3.72,,
Apr,13,26.51,.22,.30,60,163,16.60,-.17,3.72,,
Apr,13,27.00,.30,.31,700,1348,15.90,-.23,5.28,,
Apr,13,27.50,.45,.64,310,120,15.50,-.31,7.79,,
Apr,13,28.00,.65,.79,830,400,15.20,-.41,11.16,,
May,13,23.50,.08,.12,400,1044,19.80,-.03,.93,,
May,13,24.00,.09,.65,20,766,18.20,-.04,1.04,,
May,13,25.00,.16,.32,120,638,16.60,-.07,1.85,,
May,13,26.00,.32,.85,46,64,15.80,-.13,3.71,,
Jun,13,20.50,.03,.06,1230,1284,23.60,-,.23,,
Jun,13,21.00,.04,.09,230,1638,23.50,-.01,.32,,
Jun,13,22.00,.06,.06,1050,3030,21.90,-.02,.56,,
Jun,13,23.00,.09,.18,75,3068,20.10,-.03,.83,,
Jun,13,23.50,.11,.19,30,2168,19.20,-.04,1.02,,
Jun,13,24.00,.14,.23,30,7247,18.30,-.05,1.25,,
Jun,13,24.01,.13,.23,10,402,18.10,-.05,1.21,,
Jun,13,24.50,.17,.17,2650,4519,17.40,-.06,1.58,,
Jun,13,24.51,.17,.18,50,216,17.60,-.07,1.62,,
Jun,13,25.00,.23,.30,90,1099,16.80,-.09,2.09,,
Jun,13,25.01,.23,.37,15,1058,16.90,-.09,2.09,,
Jun,13,25.50,.29,.41,1150,2535,16.20,-.11,2.74,,
Jun,13,26.00,.39,.46,268,473,15.60,-.15,3.62,,
Jun,13,26.50,.53,.90,20,929,15.50,-.20,4.91,,
Jun,13,28.01,1.37,1.41,170,170,18.20,-.41,12.66,,
Jul,13,25.00,.28,.49,3,13,16.80,-.10,2.16,,
Sep,13,21.50,.10,.16,240,628,21.10,-.03,.56,,
Sep,13,22.00,.13,.19,60,528,20.50,-.04,.70,,
Sep,13,23.00,.18,.34,30,1590,19.10,-.05,1.01,,
Sep,13,23.01,.18,.27,20,169,19.10,-.05,1.01,,
Sep,13,23.50,.23,1.46,45,184,18.60,-.07,1.26,,
Sep,13,24.50,.34,1.12,360,527,17.50,-.10,1.88,,
Sep,13,25.00,.44,.56,570,1062,17.40,-.13,2.44,,
Sep,13,26.00,.65,.94,40,190,16.50,-.19,3.62,,
Sep,13,26.51,.66,1.06,50,140,14.70,-.21,3.71,,
Sep,13,29.01,2.11,2.14,36,-,17.40,-.52,6.83,,
Dec,13,18.00,.16,.10,75,1637,29.20,-.03,.64,,
Dec,13,22.00,.36,.41,50,3282,21.90,-.06,1.48,,
Dec,13,22.50,.37,.35,50,248,20.40,-.07,1.52,,
Dec,13,23.00,.38,.41,10,3173,18.90,-.07,1.55,,
Dec,13,23.50,.45,.69,15,30,18.50,-.08,1.85,,
Dec,13,24.00,.54,.80,10,1461,18.10,-.10,2.20,,
Dec,13,24.50,.64,1.76,35,131,17.60,-.12,2.64,,
Dec,13,25.00,.75,1.20,15,3618,17.20,-.14,3.09,,
Dec,13,25.50,.90,1.03,30,1286,16.90,-.17,3.69,,
Dec,13,26.00,1.05,1.45,185,510,16.60,-.20,4.35,,
Dec,13,27.00,1.45,1.66,30,983,16.00,-.28,5.95,,
Dec,13,27.50,1.68,2.41,1010,2832,15.80,-.33,6.92,,
Dec,13,28.50,2.25,2.27,99,-,15.60,-.45,7.73,,
Dec,13,29.00,2.58,2.60,100,-,15.60,-.51,7.01,,
Dec,13,30.50,3.71,3.81,100,-,15.90,-.73,5.50,,
Dec,13,32.00,4.99,5.30,10,1211,16.50,-.95,4.55,,
Mar,14,18.00,.12,.16,30,-,24.10,-.01,.36,,
Mar,14,19.00,.14,.20,27,30,22.50,-.03,.44,,
Mar,14,23.00,.47,.68,15,115,18.20,-.08,1.46,,
Mar,14,24.00,.71,.79,27,30,18.30,-.13,2.25,,
Jun,14,25.00,1.26,1.32,810,10,17.60,-.17,3.26,,
,
Arrium Last Sale Price $1.00,
Mar,13,0.90,.03,.04,560,7433,41.70,-.20,18.92,,
Mar,13,1.15,.18,.22,30,30,44.90,-.77,26.48,,
Apr,13,0.90,.03,.09,1200,1060,37.00,-.21,14.53,,
Apr,13,1.25,.27,.32,30,30,40.80,-.89,12.11,,
Jun,13,0.85,.04,.04,200,1500,39.20,-.19,9.08,,
Jun,13,1.11,.17,.20,200,-,43.40,-.58,18.16,,
,
ASX Last Sale Price $35.95,
Feb,13,31.00,.00,.03,10,134,29.60,-,.15,,
Feb,13,32.01,.04,.04,27,27,36.00,-.04,2.90,,
Feb,13,33.00,.04,.09,109,183,29.00,-.05,3.26,,
Feb,13,34.00,.11,.20,90,1080,26.10,-.12,7.61,,
Feb,13,34.50,.17,.23,100,259,24.70,-.17,11.97,,
Feb,13,35.00,.25,.27,260,185,23.20,-.25,18.13,,
Feb,13,35.01,.26,.35,50,60,23.40,-.25,18.49,,
Feb,13,35.50,.40,.45,556,96,22.70,-.36,29.01,,
Feb,13,36.00,.62,.76,117,79,22.60,-.49,41.34,,
Feb,13,36.50,.90,1.07,50,50,22.10,-.62,25.02,,
Mar,13,29.51,.04,.06,67,67,27.10,-.02,.85,,
Mar,13,32.00,.14,.50,250,360,21.70,-.05,2.86,,
Mar,13,32.50,.19,.97,268,347,21.10,-.07,4.02,,
Mar,13,33.00,.25,.86,740,670,20.20,-.10,5.29,,
Mar,13,33.50,.34,.27,400,298,19.80,-.13,7.30,,
Mar,13,34.00,.47,.58,210,151,19.30,-.17,9.94,,
Mar,13,34.01,.47,.59,40,60,19.40,-.18,9.94,,
Mar,13,34.50,.63,.78,493,343,19.00,-.23,13.33,,
Mar,13,35.00,.83,.81,400,432,18.70,-.30,17.66,,
Mar,13,35.50,1.10,1.43,16,118,18.60,-.38,23.16,,
Mar,13,36.00,1.40,1.78,25,500,18.70,-.46,28.56,,
Mar,13,36.50,1.75,1.49,290,290,19.00,-.55,25.49,,
May,13,28.50,.06,.06,30,-,22.00,-.02,.50,,
May,13,34.50,.87,.81,14,14,16.40,-.26,7.89,,
Jun,13,28.00,.04,.09,41,300,20.40,-.01,.33,,
Jun,13,31.50,.26,1.08,100,260,17.80,-.08,1.89,,
Jun,13,35.01,1.14,1.17,80,170,15.80,-.31,8.23,,
Jun,13,37.50,2.60,2.60,40,40,13.80,-.67,7.58,,
Jul,13,34.00,.84,1.08,100,100,15.80,-.22,5.11,,
Sep,13,27.50,.10,.17,13,38,18.50,-.02,.44,,
Sep,13,29.50,.25,1.55,200,182,17.40,-.04,1.08,,
Sep,13,31.50,.53,.59,404,860,16.20,-.09,2.31,,
Sep,13,32.00,.64,.79,15,70,16.00,-.11,2.79,,
Dec,13,36.00,2.38,2.65,20,950,13.90,-.40,7.49,,
,
Alumina Last Sale Price $1.15,
Feb,13,0.95,.00,.01,195,725,67.00,-.06,9.07,,
Feb,13,1.00,.01,.01,1195,5345,65.90,-.11,20.40,,
Feb,13,1.01,.01,.03,4166,1555,66.70,-.13,22.67,,
Feb,13,1.05,.01,.03,2110,4625,55.10,-.17,22.67,,
Feb,13,1.10,.02,.05,595,1299,49.70,-.29,45.34,,
Feb,13,1.15,.04,.04,1600,1600,46.60,-.47,90.68,,
Feb,13,1.45,.30,.32,30,-,65.10,-.98,-,,
Feb,13,1.50,.35,.36,195,-,65.60,-1.00,-,,
Mar,13,0.90,.01,.01,340,1260,52.90,-.08,5.95,,
Mar,13,0.95,.01,.03,170,1226,51.10,-.12,9.92,,
Mar,13,1.00,.02,.04,1480,3588,47.00,-.17,13.22,,
Mar,13,1.05,.03,.04,398,1568,41.60,-.23,16.53,,
Mar,13,1.15,.07,.07,500,850,40.80,-.45,42.98,,
Mar,13,1.20,.10,.13,35,2810,40.10,-.58,29.76,,
Mar,13,1.31,.18,.21,2000,2000,47.00,-.75,13.22,,
Mar,13,1.40,.26,.31,5,35,46.40,-.88,6.61,,
Apr,13,0.90,.01,.03,900,900,52.30,-.11,6.35,,
Apr,13,0.95,.03,.03,1250,1370,48.40,-.15,10.58,,
Apr,13,1.20,.10,.12,1500,750,36.30,-.55,21.16,,
Jun,13,1.00,.04,.05,250,8720,37.70,-.21,9.07,,
Jun,13,1.20,.14,.28,300,372,39.20,-.50,19.27,,
Jun,13,2.21,1.04,1.23,300,1155,47.80,-1.00,-,,
Sep,13,1.00,.08,.07,30,247,44.10,-.26,10.99,,
,
Aurizon Hldgs Last Sale Price $4.04,
Feb,13,3.80,.01,.01,280,728,25.70,-.09,5.81,,
Feb,13,4.00,.05,.07,300,1050,22.20,-.38,32.27,,
Mar,13,3.90,.07,.09,1205,4205,20.30,-.27,13.18,,
Mar,13,4.00,.11,.12,1273,3895,19.50,-.40,20.70,,
Apr,13,4.20,.25,.28,180,180,17.20,-.67,10.24,,
May,13,3.70,.06,.06,85,85,20.00,-.16,4.44,,
Jun,13,3.90,.13,.13,150,90,18.70,-.31,8.07,,
,
BHP Billiton Last Sale Price $37.95,
Feb,13,33.00,.00,.01,300,3599,29.80,-,.27,,
Feb,13,34.00,.01,.01,5660,6180,26.90,-.01,.62,,
Feb,13,34.50,.01,.02,392,5040,25.10,-.02,1.03,,
Feb,13,35.00,.02,.04,250,3924,23.10,-.03,1.37,,
Feb,13,35.01,.02,.04,348,2011,23.00,-.03,1.37,,
Feb,13,35.50,.03,.07,1070,8547,21.30,-.04,2.06,,
Feb,13,35.51,.03,.03,511,1537,21.10,-.04,1.72,,
Feb,13,36.00,.04,.04,4129,11833,19.50,-.07,3.09,,
Feb,13,36.01,.04,.13,691,5612,19.60,-.07,3.09,,
Feb,13,36.50,.07,.08,3956,4820,18.20,-.11,5.15,,
Feb,13,36.51,.08,.12,980,2519,18.30,-.12,5.50,,
Feb,13,37.00,.14,.16,6829,8333,17.40,-.20,9.96,,
Feb,13,37.01,.14,.23,1451,4439,17.30,-.20,9.96,,
Feb,13,37.50,.27,.30,3867,4377,16.60,-.32,18.55,,
Feb,13,37.51,.27,.29,448,2326,16.70,-.33,18.55,,
Feb,13,38.00,.47,.46,3761,2721,16.40,-.49,29.20,,
Feb,13,38.01,.47,.70,863,4043,16.30,-.49,28.51,,
Feb,13,38.50,.77,.85,320,401,16.10,-.66,14.77,,
Feb,13,38.51,.76,1.19,100,1500,15.70,-.67,13.40,,
Feb,13,39.51,1.59,1.70,750,2657,17.50,-.90,2.06,,
Feb,13,40.00,2.06,2.11,680,220,18.30,-.97,1.03,,
Mar,13,26.00,.00,.01,1000,5806,32.70,-,-,,
Mar,13,30.00,.01,.02,200,7419,28.40,-,.30,,
Mar,13,30.50,.02,.01,100,854,26.80,-,.40,,
Mar,13,31.50,.03,.03,200,7402,24.60,-.01,.50,,
Mar,13,32.00,.03,.07,230,15455,23.30,-.02,.60,,
Mar,13,32.50,.04,.07,71,3885,22.60,-.02,.90,,
Mar,13,32.51,.04,.06,241,718,22.60,-.02,.90,,
Mar,13,33.00,.06,.07,300,6869,21.70,-.03,1.10,,
Mar,13,33.01,.06,.10,51,743,21.60,-.03,1.10,,
Mar,13,33.50,.07,.07,5,1604,20.70,-.04,1.40,,
Mar,13,34.00,.10,.10,1645,10426,19.80,-.05,1.90,,
Mar,13,34.50,.13,.14,520,6260,19.00,-.06,2.60,,
Mar,13,34.51,.13,.18,20,600,19.00,-.06,2.60,,
Mar,13,35.00,.17,.28,1591,5537,18.30,-.09,3.51,,
Mar,13,35.01,.17,.31,175,2073,18.30,-.09,3.51,,
Mar,13,35.50,.25,.27,1595,5352,17.70,-.12,4.91,,
Mar,13,35.51,.25,.32,366,1145,17.70,-.12,4.91,,
Mar,13,36.00,.34,.52,775,5076,17.30,-.16,6.81,,
Mar,13,36.01,.34,.42,230,3237,17.30,-.16,6.81,,
Mar,13,36.50,.47,.56,2001,4339,16.70,-.22,9.32,,
Mar,13,36.51,.47,.63,680,1166,16.80,-.22,9.42,,
Mar,13,37.00,.64,.69,3685,6593,16.30,-.28,12.72,,
Mar,13,37.01,.64,.66,478,2022,16.40,-.29,12.72,,
Mar,13,37.50,.85,.96,732,1583,16.00,-.37,17.03,,
Mar,13,37.51,.85,1.13,485,1121,16.10,-.37,17.03,,
Mar,13,38.00,1.12,1.55,469,2100,15.80,-.46,21.44,,
Mar,13,38.01,1.11,1.45,289,1296,15.80,-.46,21.04,,
Mar,13,38.50,1.44,1.76,160,350,15.80,-.56,17.83,,
Mar,13,39.00,1.83,1.85,300,320,16.20,-.65,15.63,,
Mar,13,40.01,2.63,2.91,35,1574,16.60,-.83,11.42,,
Apr,13,33.00,.11,.13,120,1892,20.40,-.05,1.41,,
Apr,13,34.00,.17,.18,586,1659,18.90,-.07,2.24,,
Apr,13,34.01,.17,.30,110,1187,18.90,-.07,2.24,,
Apr,13,34.50,.23,.23,50,160,18.40,-.09,2.95,,
Apr,13,34.51,.23,.23,50,354,18.40,-.09,2.95,,
Apr,13,35.00,.29,.41,116,1446,17.90,-.12,3.78,,
Apr,13,35.50,.39,.46,484,3715,17.40,-.15,4.94,,
Apr,13,35.51,.39,.62,3,157,17.50,-.16,4.94,,
Apr,13,36.00,.50,.59,470,2650,17.00,-.20,6.41,,
Apr,13,36.01,.50,.73,32,1102,17.10,-.20,6.41,,
Apr,13,36.50,.65,.94,306,2550,16.60,-.25,8.27,,
Apr,13,36.51,.64,.86,36,218,16.70,-.25,8.21,,
Apr,13,37.00,.82,.87,712,737,16.30,-.31,10.52,,
Apr,13,37.01,.81,.94,310,373,16.40,-.31,10.45,,
Apr,13,37.50,1.02,1.07,315,2071,15.90,-.37,13.14,,
Apr,13,37.51,1.02,1.06,150,50,16.00,-.38,13.08,,
Apr,13,38.00,1.29,1.50,3764,2246,15.80,-.45,15.90,,
Apr,13,38.01,1.26,1.82,50,50,15.70,-.45,15.39,,
Apr,13,38.50,1.59,2.46,650,740,15.60,-.53,13.34,,
Apr,13,39.00,1.91,2.00,100,418,15.20,-.62,11.03,,
May,13,30.50,.07,.10,60,110,22.60,-.03,.64,,
May,13,34.01,.31,.32,60,857,18.90,-.11,2.66,,
May,13,34.50,.41,.41,30,306,18.80,-.13,3.48,,
May,13,35.01,.47,.58,10,210,17.90,-.15,3.99,,
May,13,36.00,.71,.95,2,930,17.30,-.23,6.10,,
May,13,37.00,1.04,1.17,258,541,16.50,-.32,8.93,,
Jun,13,29.00,.06,.19,240,1981,23.10,-.02,.38,,
Jun,13,30.00,.10,.12,50,3130,23.00,-.03,.69,,
Jun,13,31.00,.15,.16,120,1835,22.20,-.05,1.03,,
Jun,13,31.50,.17,.23,159,2481,21.50,-.05,1.20,,
Jun,13,31.51,.17,.27,280,1396,21.60,-.05,1.20,,
Jun,13,32.00,.21,.30,180,2129,21.10,-.06,1.44,,
Jun,13,33.01,.29,.32,30,570,20.00,-.09,2.03,,
Jun,13,33.51,.35,.40,60,296,19.50,-.11,2.40,,
Jun,13,34.01,.41,.47,40,726,19.00,-.12,2.82,,
Jun,13,34.51,.48,.58,20,160,18.50,-.15,3.33,,
Jun,13,35.00,.61,.84,280,2165,18.40,-.18,4.23,,
Jun,13,35.01,.57,.82,80,945,17.90,-.17,3.92,,
Jun,13,35.50,.72,.92,30,506,18.00,-.21,4.98,,
Jun,13,36.50,1.01,1.12,210,526,17.20,-.28,6.97,,
Jun,13,37.00,1.20,1.80,12,1040,16.90,-.33,8.24,,
Jun,13,38.00,1.66,1.77,40,1649,16.40,-.43,11.03,,
Jun,13,38.01,1.60,1.65,60,266,16.30,-.43,10.58,,
Jun,13,38.50,1.91,2.44,10,480,15.90,-.49,9.31,,
Jun,13,38.51,1.85,2.05,7,1927,16.00,-.49,8.86,,
Jun,13,41.01,3.63,3.95,40,100,16.50,-.81,3.95,,
Jul,13,33.01,.40,.38,30,270,20.30,-.11,2.26,,
Jul,13,33.50,.76,.54,15,347,24.20,-.16,4.35,,
Jul,13,34.00,.81,.60,10,260,23.20,-.18,4.64,,
Jul,13,34.50,.88,.69,15,200,22.20,-.20,5.04,,
Jul,13,34.51,.63,.67,260,10,19.10,-.17,3.61,,
Jul,13,35.00,.95,1.01,15,275,21.20,-.22,5.47,,
Jul,13,35.01,.71,.77,850,-,18.50,-.19,4.09,,
Jul,13,36.01,1.00,1.23,5,5,18.10,-.26,5.70,,
Sep,13,28.00,.17,.38,160,650,24.40,-.03,.73,,
Sep,13,30.00,.32,.44,109,2432,22.80,-.06,1.31,,
Sep,13,32.00,.55,.58,100,1881,21.40,-.10,2.29,,
Sep,13,33.00,.71,.76,100,2302,20.70,-.13,2.98,,
Sep,13,34.00,.93,1.02,185,2665,20.00,-.17,3.85,,
Sep,13,34.50,1.05,1.17,65,488,19.80,-.19,4.37,,
Sep,13,35.00,1.19,1.23,130,734,19.40,-.22,4.95,,
Sep,13,35.50,1.35,1.57,335,450,19.20,-.24,5.62,,
Sep,13,36.00,1.50,1.52,275,821,18.80,-.27,6.27,,
Sep,13,36.50,1.71,1.79,100,379,18.70,-.30,7.10,,
Sep,13,36.51,1.67,1.77,20,225,18.50,-.30,6.95,,
Sep,13,37.00,1.92,1.93,90,7478,18.40,-.34,7.97,,
Sep,13,37.50,2.15,2.23,22,152,18.20,-.38,8.93,,
Sep,13,38.50,2.65,2.88,30,30,17.80,-.46,8.76,,
Dec,13,30.00,.52,.64,30,2664,23.10,-.08,1.57,,
Dec,13,32.00,.83,.92,90,922,22.00,-.13,2.55,,
Dec,13,33.00,1.04,1.14,90,2666,21.40,-.16,3.19,,
Dec,13,33.01,1.01,1.05,10,861,21.40,-.16,3.10,,
Dec,13,33.50,1.14,1.21,15,70,20.90,-.17,3.47,,
Dec,13,34.00,1.29,1.42,40,10232,20.90,-.19,3.94,,
Dec,13,34.50,1.42,1.62,26,36,20.50,-.21,4.34,,
Dec,13,35.00,1.55,1.71,65,1557,20.10,-.23,4.75,,
Dec,13,36.00,1.90,2.02,10,1695,19.60,-.28,5.80,,
Dec,13,36.50,2.09,2.27,110,340,19.30,-.31,6.38,,
Dec,13,38.00,2.75,3.73,15,338,18.60,-.41,8.24,,
Dec,13,44.00,6.93,6.87,16,1828,17.50,-.99,2.70,,
Jun,14,36.00,2.80,2.79,1485,198,21.00,-.31,5.34,,
Sep,14,38.00,4.17,6.03,400,2206,20.80,-.42,6.67,,
Sep,14,40.00,5.28,9.80,400,2270,20.30,-.49,5.22,,
Jun,15,31.00,2.78,2.80,1,184,26.70,-.19,3.08,,
,
Boral Last Sale Price $5.00,
Feb,13,4.50,.01,.03,2000,2300,30.00,-.03,2.61,,
Feb,13,4.60,.01,.04,96,1563,30.00,-.06,5.21,,
Feb,13,4.70,.03,.04,870,1855,30.00,-.12,13.04,,
Feb,13,4.80,.05,.06,496,1230,30.80,-.22,26.07,,
Feb,13,4.90,.08,.09,100,400,28.00,-.33,41.71,,
Mar,13,4.82,.13,.14,117,86,27.70,-.31,19.77,,
Mar,13,5.41,.51,.50,75,75,29.10,-.76,14.45,,
Apr,13,4.60,.10,.15,40,375,28.10,-.21,9.25,,
Apr,13,4.90,.20,.23,40,300,26.80,-.38,19.47,,
Apr,13,5.00,.25,.34,30,130,26.90,-.45,24.33,,
Dec,13,4.03,.14,.14,100,100,29.40,-.14,3.36,,
,
BlueScope Steel Last Sale Price $3.66,
Feb,13,3.30,.01,.03,762,1072,38.90,-.07,6.41,,
Mar,13,2.70,.00,.01,600,1000,43.30,-.02,.83,,
Mar,13,3.00,.02,.02,300,1332,40.50,-.07,4.16,,
Mar,13,3.40,.07,.12,35,35,32.60,-.23,13.50,,
Apr,13,3.30,.07,.07,216,635,33.20,-.20,9.31,,
Apr,13,3.60,.17,.25,180,180,31.20,-.40,21.94,,
Dec,13,3.60,.50,.48,90,1290,42.90,-.37,15.83,,
,
Brambles Last Sale Price $8.05,
Feb,13,7.50,.02,.03,7,257,29.70,-.09,6.48,,
Feb,13,7.75,.05,.06,84,555,26.20,-.20,16.19,,
Feb,13,8.00,.13,.09,8,375,25.30,-.42,40.48,,
Mar,13,5.73,-,.01,77,349,27.30,-,.66,,
Mar,13,6.98,.03,.04,269,3607,26.50,-.05,2.83,,
Mar,13,7.23,.05,.04,275,682,25.10,-.09,4.72,,
Mar,13,7.72,.16,.16,57,650,22.30,-.26,14.64,,
Mar,13,7.74,.16,.17,200,500,22.30,-.27,15.11,,
Apr,13,7.25,.07,.20,200,300,22.50,-.12,4.53,,
,
C'wlth Bank of Aust Last Sale Price $64.83,
Feb,13,53.00,-,.02,50,3410,26.40,-,.80,,
Feb,13,57.50,.02,.02,200,3557,24.80,-,.80,,
Feb,13,58.00,.02,.02,853,15255,22.90,-,.80,,
Feb,13,58.50,.03,.03,400,2138,22.30,-,1.21,,
Feb,13,59.00,.04,.04,650,2711,20.70,-,1.41,,
Feb,13,59.01,.03,.05,30,13601,20.00,-,1.21,,
Feb,13,59.50,.04,.06,430,1273,19.20,-,1.61,,
Feb,13,59.51,.04,.05,800,894,19.80,-,1.81,,
Feb,13,60.00,.07,.07,1440,5407,19.00,-.01,2.61,,
Feb,13,60.01,.06,.07,701,8792,18.10,-,2.21,,
Feb,13,60.50,.08,.16,360,2100,17.60,-.02,3.22,,
Feb,13,60.51,.08,.10,55,2672,17.60,-.02,3.22,,
Feb,13,61.00,.13,.12,4016,5387,17.00,-.02,5.03,,
Feb,13,61.01,.13,.12,295,7570,17.00,-.02,5.03,,
Feb,13,61.50,.19,.18,1065,1800,16.70,-.04,7.64,,
Feb,13,61.51,.19,.21,10,198,16.60,-.04,7.64,,
Feb,13,62.00,.29,.32,3367,3659,16.50,-.07,11.86,,
Feb,13,62.01,.30,.23,479,5600,16.50,-.07,12.06,,
Feb,13,62.50,.46,.45,11451,4347,16.60,-.11,18.30,,
Feb,13,62.51,.45,.47,326,1271,16.40,-.10,17.90,,
Feb,13,63.00,.65,.58,12582,4873,16.40,-.16,25.94,,
Feb,13,63.01,.66,.53,812,4621,16.70,-.16,26.34,,
Feb,13,63.50,.91,1.03,652,646,16.60,-.23,36.39,,
Feb,13,63.51,.91,.95,310,5144,16.60,-.23,36.39,,
Feb,13,64.00,1.20,1.10,740,1256,16.60,-.31,48.06,,
Feb,13,64.01,1.20,1.25,100,1136,16.60,-.32,48.26,,
Feb,13,64.50,1.55,1.45,45,180,16.80,-.41,62.33,,
Feb,13,65.00,1.94,1.96,2780,1350,16.80,-.51,71.18,,
Feb,13,65.01,1.95,2.36,40,150,17.30,-.51,71.18,,
Feb,13,65.50,2.38,2.33,240,240,17.90,-.60,68.97,,
Feb,13,66.50,3.30,3.25,50,50,19.10,-.75,65.55,,
Mar,13,48.00,.01,.01,190,3836,30.40,-,.12,,
Mar,13,55.00,.06,.05,15,13195,21.50,-.01,.65,,
Mar,13,55.01,.07,.07,80,652,22.30,-.01,.82,,
Mar,13,56.00,.06,.07,1405,3404,19.20,-.01,.65,,
Mar,13,56.51,.09,.10,20,1080,19.70,-.02,1.06,,
Mar,13,57.00,.10,.09,933,5105,18.80,-.02,1.11,,
Mar,13,58.00,.13,.14,85,5560,17.60,-.03,1.52,,
Mar,13,58.51,.14,.20,81,731,16.30,-.03,1.58,,
Mar,13,59.00,.19,.20,772,3975,16.40,-.04,2.17,,
Mar,13,59.01,.19,.19,159,415,16.40,-.04,2.17,,
Mar,13,59.50,.23,.27,175,168,15.80,-.05,2.64,,
Mar,13,59.51,.22,.23,40,173,15.80,-.05,2.58,,
Mar,13,60.00,.28,.29,355,5826,15.40,-.06,3.28,,
Mar,13,60.01,.28,.29,59,1284,15.50,-.06,3.28,,
Mar,13,61.00,.44,.50,480,3165,14.80,-.10,5.10,,
Mar,13,61.01,.44,.56,48,930,14.80,-.10,5.10,,
Mar,13,61.50,.55,.51,55,5,14.50,-.12,6.45,,
Mar,13,61.51,.54,.52,40,40,14.50,-.12,6.33,,
Mar,13,62.00,.69,.71,1577,4230,14.30,-.15,8.03,,
Mar,13,62.01,.69,.69,87,1407,14.40,-.16,8.03,,
Mar,13,62.50,.86,.77,356,350,14.20,-.19,10.09,,
Mar,13,62.51,.85,.80,110,110,14.20,-.19,9.97,,
Mar,13,63.00,1.07,.96,1712,3859,14.10,-.24,12.55,,
Mar,13,63.01,1.06,1.21,315,1244,14.20,-.24,12.43,,
Mar,13,63.50,1.30,1.23,468,725,14.00,-.29,15.31,,
Mar,13,64.00,1.58,1.50,529,1029,14.00,-.35,18.53,,
Mar,13,64.50,1.89,1.84,100,100,14.00,-.41,22.17,,
Mar,13,65.00,2.23,2.26,974,8128,14.00,-.47,24.16,,
Mar,13,65.01,2.21,2.21,305,265,14.30,-.47,23.81,,
Mar,13,65.50,2.62,2.60,20,10,14.20,-.54,22.81,,
Mar,13,66.50,3.50,3.44,55,-,15.70,-.65,21.46,,
Mar,13,67.00,3.86,3.93,32,-,14.40,-.73,19.82,,
Mar,13,68.00,4.79,4.74,200,1326,15.10,-.83,19.06,,
Apr,13,58.00,.23,.22,572,92,16.30,-.05,1.69,,
Apr,13,58.01,.23,.20,142,707,16.40,-.05,1.69,,
Apr,13,59.00,.32,.31,248,650,15.60,-.06,2.36,,
Apr,13,59.51,.38,.36,20,146,15.30,-.08,2.82,,
Apr,13,60.00,.45,.43,336,1551,15.00,-.09,3.34,,
Apr,13,60.01,.44,.41,35,35,15.00,-.09,3.30,,
Apr,13,61.00,.65,.63,47,1487,14.50,-.13,4.84,,
Apr,13,62.00,.93,1.06,404,407,14.10,-.19,6.94,,
Apr,13,63.00,1.31,1.51,140,453,13.90,-.26,9.83,,
Apr,13,63.01,1.29,1.32,50,80,13.90,-.26,9.68,,
Apr,13,64.00,1.80,1.74,385,591,13.70,-.35,13.55,,
Apr,13,65.00,2.42,2.33,75,157,13.70,-.46,16.93,,
May,13,52.00,.11,.10,900,4528,21.10,-.02,.53,,
May,13,57.51,.33,.34,40,100,16.20,-.06,1.66,,
May,13,60.01,.66,.67,30,20,14.90,-.12,3.32,,
May,13,63.00,1.56,1.80,1552,1455,13.60,-.27,7.84,,
May,13,64.00,2.04,3.26,818,1056,13.50,-.35,10.28,,
Jun,13,50.00,.09,.12,190,2741,21.40,-.01,.36,,
Jun,13,52.01,.13,.15,20,160,19.80,-.02,.52,,
Jun,13,53.00,.16,.17,720,1701,19.00,-.03,.62,,
Jun,13,55.00,.26,.55,30,9284,17.90,-.04,1.05,,
Jun,13,55.50,.28,.67,316,1062,17.50,-.05,1.15,,
Jun,13,56.00,.32,.34,25,1814,17.10,-.05,1.29,,
Jun,13,58.00,.51,.48,90,4491,15.90,-.08,2.03,,
Jun,13,59.00,.65,.88,265,4323,15.30,-.11,2.59,,
Jun,13,60.00,.83,.84,360,5661,14.90,-.14,3.34,,
Jun,13,61.00,1.08,1.11,516,1426,14.50,-.18,4.32,,
Jun,13,61.01,1.03,1.00,200,460,14.40,-.18,4.16,,
Jun,13,62.00,1.39,1.35,50,243,14.20,-.23,5.59,,
Jun,13,63.00,1.77,1.80,15,1149,13.90,-.29,7.14,,
Jun,13,64.00,2.23,2.55,70,1462,13.60,-.36,8.97,,
Jun,13,64.51,2.30,3.40,744,774,12.80,-.39,9.25,,
Jun,13,65.00,2.79,2.82,313,6548,13.50,-.44,10.56,,
Jul,13,57.00,.51,.47,600,660,16.40,-.08,1.71,,
Jul,13,62.00,1.57,1.75,20,70,14.40,-.24,5.26,,
Jul,13,65.01,2.75,2.88,40,40,13.20,-.43,8.61,,
Sep,13,45.00,.05,.17,18,101,19.70,-,.12,,
Sep,13,52.01,.35,.37,40,180,17.80,-.03,.85,,
Sep,13,55.00,.64,.64,403,4392,16.30,-.06,1.56,,
Sep,13,56.00,.78,1.25,700,568,15.90,-.07,1.90,,
Sep,13,56.50,.88,1.58,170,520,15.80,-.08,2.13,,
Sep,13,57.00,.97,1.76,550,1202,15.70,-.09,2.38,,
Sep,13,57.50,1.10,1.08,250,538,15.60,-.10,2.67,,
Sep,13,58.00,1.21,1.60,300,4525,15.50,-.11,2.95,,
Sep,13,58.01,1.51,1.47,15,137,17.50,-.14,3.69,,
Sep,13,59.00,1.48,1.52,100,2464,15.20,-.14,3.61,,
Sep,13,59.50,1.63,3.08,320,1769,15.10,-.15,3.97,,
Sep,13,60.00,1.78,1.75,550,1990,14.90,-.17,4.34,,
Sep,13,61.00,2.15,2.05,5,320,14.70,-.21,5.24,,
Sep,13,65.00,4.23,6.64,88,153,14.10,-.42,9.90,,
Sep,13,67.00,5.59,5.59,2,60,13.90,-.57,8.32,,
Sep,13,70.00,8.00,7.95,250,790,13.90,-.83,6.89,,
Dec,13,20.00,-,.04,40,10963,25.00,-,-,,
Dec,13,48.00,.38,.35,40,279,20.70,-.03,.67,,
Dec,13,54.00,.87,.86,37,1655,17.50,-.07,1.55,,
Dec,13,55.00,1.00,1.09,319,3581,16.90,-.08,1.78,,
Dec,13,56.00,1.12,1.17,1,6393,16.20,-.09,2.00,,
Dec,13,57.00,1.36,1.44,1373,3869,16.00,-.11,2.42,,
Dec,13,58.00,1.61,1.61,25,3386,15.80,-.13,2.87,,
Dec,13,59.00,1.91,1.87,915,1480,15.60,-.16,3.41,,
Dec,13,60.00,2.20,2.19,1528,1996,15.20,-.19,3.93,,
Dec,13,61.00,2.58,3.98,15,110,15.00,-.22,4.61,,
Dec,13,61.01,3.15,2.30,70,70,18.10,-.26,5.63,,
Dec,13,62.00,3.03,2.94,95,1105,14.90,-.26,5.42,,
Dec,13,64.00,4.04,6.11,5,821,14.50,-.35,7.22,,
Dec,13,67.00,5.95,5.92,70,-,14.30,-.53,6.76,,
Mar,14,62.00,3.48,4.07,72,162,13.00,-.24,4.74,,
Jun,14,60.00,3.95,3.67,400,169,17.40,-.22,4.41,,
Dec,14,20.00,-,.10,600,5160,21.20,-,-,,
Dec,14,42.00,.65,.65,40,81,21.20,-.02,.54,,
,
Coca-Cola Amatil Last Sale Price $13.80,
Feb,13,13.01,.01,.12,799,345,21.20,-.06,2.83,,
Feb,13,13.25,.04,.07,140,2109,20.00,-.13,6.61,,
Feb,13,13.26,.04,.04,1959,1796,20.80,-.14,7.56,,
Feb,13,13.51,.06,.06,44,44,16.50,-.22,11.34,,
Feb,13,13.75,.14,.11,419,3409,16.60,-.43,26.45,,
Feb,13,13.76,.13,.17,1000,1000,15.20,-.43,24.56,,
Feb,13,14.00,.28,.25,600,320,16.30,-.66,15.11,,
Mar,13,12.76,.06,.06,40,90,15.60,-.06,3.03,,
Mar,13,13.00,.10,.09,64,421,15.10,-.11,5.23,,
Mar,13,13.01,.10,.11,1200,1306,14.80,-.10,5.23,,
Mar,13,13.25,.16,.19,140,2004,14.50,-.18,8.82,,
Mar,13,13.26,.16,.16,1280,2115,14.00,-.17,8.54,,
Mar,13,13.50,.26,.28,168,468,14.10,-.28,14.33,,
Mar,13,13.75,.40,.44,241,348,14.00,-.42,22.04,,
Mar,13,13.76,.38,.36,88,90,13.00,-.42,20.94,,
Apr,13,12.50,.05,.06,205,239,15.00,-.05,1.76,,
Apr,13,12.75,.09,.08,60,700,14.90,-.09,3.00,,
Apr,13,13.50,.30,.33,680,835,13.40,-.29,10.58,,
Sep,13,12.75,.32,.33,30,65,14.70,-.16,3.66,,
Sep,13,14.00,.91,1.00,50,76,13.80,-.47,8.07,,
Dec,13,13.00,.51,.46,50,545,15.00,-.22,4.24,,
Dec,13,13.50,.73,.66,130,130,14.70,-.33,6.13,,
,
Computershare Last Sale Price $10.07,
Feb,13,9.25,.04,.04,100,80,32.20,-.07,9.06,,
Feb,13,9.50,.06,.06,599,1499,28.40,-.13,15.53,,
Feb,13,9.75,.13,.12,1648,1445,27.10,-.24,32.36,,
Feb,13,9.76,.11,.12,100,500,24.80,-.23,28.48,,
Feb,13,10.00,.23,.21,489,699,24.80,-.42,58.25,,
Feb,13,10.25,.39,.47,60,300,23.90,-.63,53.07,,
Feb,13,10.50,.58,.68,1,1,19.90,-.87,38.84,,
Feb,13,10.75,.82,.99,74,74,19.90,-1.00,36.25,,
Feb,13,11.00,1.07,1.22,72,102,19.90,-1.00,36.25,,
Mar,13,9.00,.06,.06,146,1400,25.80,-.09,4.53,,
Mar,13,11.00,1.09,1.24,7,7,20.10,-.94,11.70,,
Apr,13,10.50,.68,.83,42,42,19.30,-.65,12.08,,
Apr,13,11.00,1.10,1.24,3,3,19.30,-.88,8.22,,
May,13,10.00,.21,.47,33,33,9.20,-.35,6.80,,
Jun,13,9.75,.39,.38,20,20,21.00,-.33,9.97,,
Sep,13,9.25,.39,.37,8,8,22.60,-.24,6.12,,
,
CSL Last Sale Price $57.51,
Feb,13,49.00,.01,.04,90,126,36.00,-,.45,,
Feb,13,49.50,.01,.04,20,402,35.70,-.01,.68,,
Feb,13,50.00,.02,.04,32,1068,35.40,-.02,.91,,
Feb,13,50.01,.01,.04,200,410,32.20,-,.45,,
Feb,13,50.51,.02,.70,250,118,32.10,-.01,.91,,
Feb,13,51.00,.04,.40,150,1476,35.10,-.03,2.04,,
Feb,13,51.51,.04,.72,250,912,31.10,-.03,1.59,,
Feb,13,52.00,.06,.10,1712,2865,31.90,-.04,2.72,,
Feb,13,52.01,.04,.90,250,1165,30.20,-.03,2.04,,
Feb,13,52.51,.06,.12,265,641,29.40,-.04,2.72,,
Feb,13,53.00,.07,.11,1817,1392,27.50,-.05,2.95,,
Feb,13,53.01,.09,.85,250,519,29.10,-.06,4.08,,
Feb,13,53.51,.13,.14,330,388,28.80,-.08,5.67,,
Feb,13,54.00,.16,.18,286,587,28.00,-.10,7.25,,
Feb,13,54.01,.16,.35,105,433,27.60,-.10,7.03,,
Feb,13,55.00,.27,.28,2240,1235,26.30,-.17,12.24,,
Feb,13,55.01,.28,.95,70,220,26.30,-.17,12.47,,
Feb,13,55.50,.38,1.55,50,130,26.30,-.22,17.00,,
Feb,13,56.00,.52,.53,837,141,26.40,-.28,23.35,,
Feb,13,56.01,.52,.60,120,-,26.40,-.28,23.35,,
Feb,13,57.00,.85,.96,130,140,25.90,-.40,38.76,,
Feb,13,57.01,.85,.94,20,736,25.80,-.41,38.76,,
Feb,13,61.01,3.62,6.05,264,390,26.50,-.88,5.21,,
Mar,13,48.00,.10,.14,250,352,28.90,-.03,1.26,,
Mar,13,49.00,.12,.15,270,286,27.40,-.04,1.59,,
Mar,13,49.50,.14,.54,25,180,26.60,-.05,1.79,,
Mar,13,50.00,.16,.17,13,752,25.90,-.05,2.05,,
Mar,13,51.00,.22,.23,55,2066,25.00,-.07,2.91,,
Mar,13,51.01,.18,.25,73,315,23.90,-.06,2.38,,
Mar,13,52.00,.30,.83,350,393,24.00,-.10,3.97,,
Mar,13,52.01,.29,.77,50,95,23.80,-.10,3.83,,
Mar,13,53.00,.45,1.10,562,3004,23.70,-.14,5.95,,
Mar,13,53.01,.45,.95,50,170,23.80,-.14,5.95,,
Mar,13,54.00,.66,.85,205,187,23.50,-.19,8.73,,
Mar,13,55.00,.93,1.46,115,470,23.30,-.26,12.30,,
Mar,13,56.00,1.28,1.86,117,117,23.20,-.33,16.99,,
Mar,13,56.01,1.29,1.36,120,90,23.40,-.33,17.12,,
Mar,13,57.00,1.73,1.84,20,440,23.10,-.41,22.87,,
Mar,13,60.01,3.56,3.64,100,-,23.50,-.67,14.08,,
Apr,13,47.50,.07,.15,29,29,23.40,-.02,.63,,
Apr,13,48.00,.10,.19,3,78,23.40,-.03,.85,,
Apr,13,51.00,.35,.52,10,15,23.10,-.10,2.96,,
Apr,13,53.00,.68,2.09,737,41,22.50,-.17,5.71,,
Apr,13,54.00,.92,.96,52,61,22.30,-.22,7.74,,
Apr,13,55.00,1.21,1.77,305,305,22.10,-.28,10.24,,
Apr,13,56.00,1.59,1.64,190,81,22.10,-.34,13.46,,
Apr,13,58.00,2.60,3.50,100,143,22.20,-.48,17.81,,
May,13,52.00,.78,1.37,30,50,22.50,-.16,4.42,,
May,13,53.00,1.01,1.36,305,305,22.40,-.20,5.72,,
May,13,55.00,1.59,1.66,110,4,21.70,-.29,8.98,,
May,13,56.00,1.93,2.01,49,-,21.20,-.34,10.91,,
Jun,13,46.00,.22,.36,10,131,24.40,-.05,1.00,,
Jun,13,49.00,.47,.82,10,2400,23.10,-.09,2.11,,
Jun,13,53.00,1.20,1.24,367,103,21.90,-.21,5.42,,
Jun,13,54.00,1.49,1.54,55,217,21.90,-.25,6.75,,
Sep,13,45.00,.42,.54,25,20,23.90,-.06,1.17,,
Sep,13,49.01,.93,1.15,20,20,22.60,-.12,2.54,,
Sep,13,50.00,1.12,4.92,10,23,22.30,-.15,3.06,,
Sep,13,53.00,1.89,3.85,10,37,21.80,-.23,5.19,,
Dec,13,36.00,.13,.23,150,281,27.20,-.02,.25,,
Dec,13,47.50,1.05,1.35,35,77,23.10,-.12,2.12,,
Dec,13,50.00,1.48,1.92,55,150,22.00,-.16,2.97,,
Dec,13,51.00,1.73,3.44,1000,100,21.80,-.19,3.49,,
Dec,13,51.01,1.84,2.04,30,34,22.70,-.19,3.71,,
Dec,15,56.00,5.86,6.40,1,1,20.00,-.31,3.57,,
,
CSR Last Sale Price $2.15,
Apr,13,2.00,.04,.07,100,100,26.10,-.22,7.92,,
May,13,1.90,.03,.06,244,244,25.60,-.15,3.79,,
Jun,13,1.92,.05,.07,90,90,26.70,-.19,6.06,,
Jun,13,1.93,.06,.06,300,200,27.40,-.20,6.67,,
,
David Jones Last Sale Price $2.63,
Feb,13,2.50,.01,.06,150,1508,26.60,-.14,9.91,,
Mar,13,2.30,.01,.03,210,2343,30.30,-.09,4.34,,
Mar,13,2.40,.03,.03,250,1700,29.40,-.16,7.23,,
,
Echo Entertainment Last Sale Price $3.59,
Mar,13,3.45,.07,.07,600,1667,23.90,-.28,14.83,,
Mar,13,3.55,.12,.10,150,150,23.60,-.40,24.36,,
Jun,13,3.55,.14,.11,500,-,18.30,-.39,10.53,,
Sep,13,3.84,.36,.35,135,135,17.10,-.67,4.84,,
Sep,13,3.93,.42,.37,64,64,16.70,-.79,3.52,,
,
Fortescue Metals Grp Last Sale Price $4.94,
Feb,13,3.80,-,.01,43,4938,52.20,-,2.64,,
Feb,13,4.00,.00,.03,1000,2950,51.80,-.01,1.06,,
Feb,13,4.01,.00,.01,500,1147,55.40,-.02,2.11,,
Feb,13,4.10,.00,.02,1128,1533,51.50,-.02,2.11,,
Feb,13,4.20,.01,.01,1400,9876,49.40,-.04,3.69,,
Feb,13,4.30,.01,.01,1350,3610,46.50,-.05,4.75,,
Feb,13,4.40,.01,.08,30,7552,46.00,-.08,7.92,,
Feb,13,4.50,.02,.02,3939,9584,42.50,-.11,10.56,,
Feb,13,4.60,.04,.04,530,3207,42.50,-.17,21.11,,
Feb,13,4.61,.04,.13,150,2134,41.80,-.17,21.11,,
Feb,13,4.70,.06,.11,1351,3390,40.00,-.23,29.03,,
Feb,13,4.71,.06,.12,500,611,41.00,-.25,31.67,,
Feb,13,4.80,.09,.11,1833,9716,40.30,-.33,44.86,,
Feb,13,4.90,.13,.15,1559,3344,39.10,-.43,65.97,,
Feb,13,4.91,.13,.16,158,-,39.30,-.44,68.61,,
Feb,13,5.00,.18,.33,500,2710,39.70,-.54,63.33,,
Feb,13,5.01,.19,.29,2442,3283,39.80,-.55,60.69,,
Feb,13,5.51,.57,.91,419,2203,35.00,-.97,-,,
Feb,13,6.25,1.32,1.38,200,200,71.90,-.96,5.28,,
Mar,13,2.80,.00,.00,438,635,58.10,-,.15,,
Mar,13,3.01,.00,.01,140,243,52.60,-,.15,,
Mar,13,3.10,.00,.01,230,533,56.70,-,.46,,
Mar,13,3.20,.01,.01,549,959,56.20,-.01,.77,,
Mar,13,3.30,.01,.01,157,873,55.70,-.02,1.08,,
Mar,13,3.80,.02,.04,1563,2620,47.60,-.05,3.08,,
Mar,13,4.00,.03,.03,1150,4775,44.10,-.07,4.62,,
Mar,13,4.01,.03,.04,1744,3002,43.80,-.07,4.62,,
Mar,13,4.20,.05,.11,1180,5672,42.20,-.12,7.70,,
Mar,13,4.21,.06,.09,500,2651,41.80,-.12,8.47,,
Mar,13,4.25,.07,.07,220,4085,42.60,-.13,10.01,,
Mar,13,4.26,.07,.07,150,1994,42.20,-.14,10.01,,
Mar,13,4.30,.07,.20,250,890,41.40,-.15,10.78,,
Mar,13,4.40,.09,.09,1710,3739,40.60,-.18,13.08,,
Mar,13,4.50,.11,.13,3182,4813,40.00,-.22,16.93,,
Mar,13,4.51,.12,.14,50,8223,40.40,-.23,17.70,,
Mar,13,4.60,.14,.19,800,1839,39.80,-.27,21.55,,
Mar,13,4.70,.17,.17,611,1222,38.80,-.32,26.17,,
Mar,13,4.71,.17,.17,204,266,38.90,-.32,26.94,,
Mar,13,4.75,.19,.20,150,1198,38.80,-.35,29.25,,
Mar,13,4.80,.22,.20,2430,2034,38.50,-.37,33.10,,
Mar,13,4.91,.26,.32,1254,1254,38.00,-.44,40.02,,
Mar,13,5.00,.30,.30,139,720,36.90,-.49,37.71,,
Mar,13,5.01,.32,.33,3360,6196,37.90,-.50,37.71,,
Mar,13,5.25,.46,.69,414,472,35.60,-.65,23.09,,
Mar,13,5.26,.46,.53,667,1814,34.60,-.66,20.78,,
Apr,13,3.30,.01,.02,65,205,50.80,-.03,1.48,,
Apr,13,3.40,.01,.03,2433,3333,48.20,-.03,1.48,,
Apr,13,4.10,.07,.15,300,640,42.30,-.13,7.39,,
Apr,13,4.20,.09,.13,30,90,41.30,-.15,8.87,,
Apr,13,4.30,.11,.14,491,750,40.70,-.18,10.84,,
Apr,13,4.40,.14,.14,299,1611,40.20,-.22,13.30,,
Apr,13,4.50,.16,.16,3000,3781,39.40,-.25,15.76,,
Apr,13,4.60,.19,.25,170,340,38.70,-.29,18.72,,
Apr,13,4.70,.23,.20,170,587,38.10,-.33,22.17,,
Apr,13,4.71,.23,.22,98,-,38.00,-.34,22.66,,
Apr,13,4.80,.27,.28,535,535,37.90,-.38,26.60,,
Apr,13,5.00,.37,.40,26,26,37.30,-.47,30.54,,
Apr,13,5.76,.90,.97,42,78,36.10,-.82,7.88,,
Jun,13,4.40,.24,.25,220,324,40.80,-.25,12.67,,
Jun,13,4.51,.28,.27,2000,369,40.50,-.29,14.51,,
Jun,13,4.80,.39,.66,414,138,38.70,-.38,20.58,,
Sep,13,3.70,.20,.19,30,60,47.50,-.15,6.40,,
Sep,13,4.30,.36,.34,100,150,43.80,-.26,11.51,,
Sep,13,5.00,.64,.67,909,883,39.60,-.42,18.55,,
Sep,13,5.75,1.10,2.32,10,410,37.60,-.63,9.12,,
,
Fairfax Media Last Sale Price $0.52,
Feb,13,0.50,.01,.01,10000,57050,46.80,-.31,50.14,,
Mar,13,0.45,.01,.01,11000,36492,46.10,-.16,14.62,,
Mar,13,0.55,.06,.06,550,2850,43.40,-.60,36.56,,
Mar,13,0.60,.10,.09,3000,-,48.50,-.77,29.25,,
Mar,13,0.65,.14,.15,220,1845,2.00,-1.00,14.62,,
Apr,13,0.50,.04,.04,300,300,43.90,-.36,32.76,,
Jun,13,0.40,.02,.06,20000,300,55.70,-.16,10.03,,
Jun,13,0.50,.05,.06,20500,22900,45.30,-.37,25.07,,
Dec,13,0.55,.11,.11,30,200,46.80,-.44,17.83,,
,
GrainCorp Last Sale Price $12.10,
Feb,13,12.10,.14,.16,80,50,16.30,-.47,30.17,,
Apr,13,11.85,.20,.22,30,30,15.20,-.32,7.84,,
,
GPT Grp Last Sale Price $3.88,
Apr,13,3.70,.04,.05,153,153,17.10,-.22,5.02,,
,
Harvey Norman Last Sale Price $2.20,
Mar,13,1.80,.01,.01,300,300,45.70,-.09,5.18,,
Mar,13,1.85,.03,.02,300,318,45.10,-.12,8.64,,
Mar,13,1.95,.03,.04,3550,3250,36.20,-.15,8.64,,
Apr,13,2.00,.04,.08,2070,2070,30.30,-.20,9.95,,
Apr,13,2.10,.08,.13,870,870,29.30,-.31,17.70,,
,
Insurance Aust Grp Last Sale Price $5.19,
Feb,13,4.90,.01,.07,200,1150,27.10,-.12,7.54,,
Mar,13,4.60,.03,.05,480,680,25.10,-.07,3.66,,
Mar,13,4.75,.04,.08,630,291,23.50,-.12,5.86,,
Mar,13,4.80,.05,.11,250,798,22.80,-.14,7.33,,
Mar,13,4.90,.07,.14,240,265,21.70,-.19,9.52,,
Mar,13,5.00,.10,.11,400,400,20.60,-.27,13.92,,
Apr,13,5.00,.12,.21,3,240,20.10,-.29,11.25,,
Apr,13,5.25,.25,.29,19,8,19.80,-.50,17.35,,
May,13,5.00,.23,.16,310,310,26.60,-.34,14.13,,
May,13,5.25,.35,.32,250,-,26.20,-.47,18.21,,
,
IOOF Hldgs Last Sale Price $8.28,
Feb,13,8.00,.04,.04,240,400,23.30,-.20,14.17,,
Feb,13,8.25,.12,.08,130,156,21.30,-.44,36.21,,
Mar,13,7.25,.03,.04,119,888,24.30,-.05,2.76,,
Mar,13,8.25,.34,.27,61,61,22.20,-.44,31.22,,
Apr,13,7.00,.04,.03,222,-,25.20,-.05,2.35,,
Apr,13,7.25,.07,.04,221,-,24.20,-.09,3.82,,
Apr,13,7.75,.17,.14,205,-,22.40,-.21,9.70,,
Apr,13,8.00,.26,.22,100,-,21.80,-.31,15.28,,
Apr,13,8.25,.39,.34,243,10,21.50,-.43,22.63,,
Sep,13,7.75,.47,.42,40,40,24.20,-.28,8.87,,
,
Iluka Res Last Sale Price $9.32,
Feb,13,7.51,.02,.01,45,668,68.60,-.04,5.59,,
Feb,13,8.01,.04,.04,80,64,62.50,-.09,12.59,,
Feb,13,8.26,.07,.06,65,329,58.00,-.12,18.18,,
Feb,13,8.50,.07,.07,81,2206,51.20,-.15,20.98,,
Feb,13,8.51,.11,.05,50,192,56.80,-.18,29.37,,
Feb,13,8.75,.12,.12,105,686,48.90,-.23,33.57,,
Feb,13,9.00,.19,.17,532,1690,46.80,-.32,51.75,,
Feb,13,9.01,.23,.17,100,510,54.50,-.35,65.74,,
Feb,13,9.25,.28,.27,466,1117,44.40,-.44,76.93,,
Feb,13,9.26,.34,.17,100,1245,53.30,-.45,95.11,,
Feb,13,9.50,.40,.36,1887,1954,43.70,-.57,61.54,,
Feb,13,9.75,.57,.32,210,402,43.80,-.69,39.16,,
Feb,13,10.00,.76,.43,54,355,43.10,-.79,22.38,,
Mar,13,7.25,.06,.07,76,2500,49.50,-.06,4.90,,
Mar,13,8.00,.16,.30,192,642,46.20,-.15,12.65,,
Mar,13,8.26,.16,.16,330,527,40.10,-.17,13.05,,
Mar,13,8.51,.23,.22,70,1695,40.10,-.23,19.17,,
Mar,13,8.76,.32,.28,20,183,40.10,-.29,26.11,,
Mar,13,9.00,.45,.37,217,1365,41.90,-.36,36.72,,
Mar,13,9.01,.43,.44,525,1080,40.10,-.36,35.08,,
Mar,13,9.25,.57,.36,10,263,41.40,-.43,46.51,,
Mar,13,9.50,.70,.59,91,1097,40.90,-.51,42.83,,
Mar,13,9.75,.86,.70,113,977,40.50,-.58,35.49,,
Mar,13,10.25,1.26,1.12,150,216,43.10,-.70,27.33,,
Mar,13,12.50,3.35,3.28,10,130,54.70,-.94,13.87,,
Apr,13,7.50,.12,.14,40,40,43.30,-.10,6.27,,
Apr,13,8.51,.36,.28,135,165,41.70,-.26,19.06,,
Apr,13,9.50,.81,.58,10,154,39.60,-.49,32.90,,
May,13,7.75,.27,.23,50,68,43.30,-.17,9.44,,
Jun,13,8.00,.44,.25,500,714,44.40,-.22,12.17,,
Jun,13,8.51,.53,.51,1000,370,39.40,-.28,14.69,,
Jun,13,9.00,.84,.77,150,200,43.60,-.37,23.64,,
Sep,13,14.26,5.08,5.13,19,19,33.20,-1.00,2.37,,
Sep,13,14.76,5.55,5.58,24,24,32.50,-1.00,1.86,,
,
Incitec Pivot Last Sale Price $3.21,
Feb,13,3.10,.02,.02,600,1937,24.70,-.21,16.24,,
Mar,13,3.10,.06,.06,700,5765,24.80,-.31,14.21,,
Mar,13,3.20,.10,.10,1340,7840,24.50,-.44,23.69,,
Mar,13,3.21,.10,.09,1500,300,23.40,-.46,23.69,,
Mar,13,3.31,.16,.15,100,720,23.40,-.61,14.21,,
Apr,13,3.10,.09,.11,450,418,24.40,-.32,12.89,,
Apr,13,3.20,.12,.12,1720,5765,23.50,-.44,18.19,,
Jun,13,2.90,.07,.10,200,689,24.50,-.19,5.69,,
Sep,13,3.00,.16,.15,200,486,26.80,-.29,7.88,,
,
James Hardie Ind Last Sale Price $9.76,
Feb,13,9.25,.03,.06,140,245,25.70,-.12,8.01,,
Feb,13,9.50,.07,.10,86,220,23.70,-.25,18.70,,
Mar,13,9.00,.09,.10,28,72,25.70,-.16,6.62,,
Mar,13,9.25,.13,.12,47,7,24.60,-.23,10.13,,
Mar,13,9.50,.20,.19,118,193,23.70,-.33,15.58,,
Apr,13,9.25,.19,.20,30,30,24.20,-.26,9.47,,
Apr,13,9.75,.38,.35,15,-,23.10,-.44,18.70,,
Apr,13,10.00,.50,.55,50,50,22.10,-.55,12.72,,
Jun,13,9.50,.50,.51,60,360,22.00,-.35,13.22,,
Sep,13,9.50,.65,.69,20,180,22.90,-.35,10.44,,
Dec,13,8.75,.50,.48,14,-,25.40,-.23,5.88,,
,
Leighton Hldgs Last Sale Price $20.30,
Feb,13,17.00,.03,.03,87,473,51.80,-.03,3.21,,
Feb,13,17.50,.04,.04,40,224,49.40,-.05,5.14,,
Feb,13,18.00,.07,.07,536,1100,47.00,-.08,8.35,,
Feb,13,18.01,.07,.07,40,150,46.90,-.08,8.35,,
Feb,13,18.50,.07,.11,632,1236,39.50,-.10,8.99,,
Feb,13,19.00,.14,.19,540,1047,39.10,-.17,18.62,,
Feb,13,19.50,.23,.25,462,333,36.30,-.26,29.54,,
Feb,13,20.00,.36,.47,90,326,33.10,-.38,46.24,,
Feb,13,20.50,.59,.58,665,622,32.10,-.54,50.09,,
Feb,13,21.00,.90,.76,50,112,31.00,-.70,25.04,,
Feb,13,21.51,1.27,1.22,100,70,28.50,-.86,7.71,,
Mar,13,15.00,.00,.05,45,70,30.70,-,.11,,
Mar,13,15.50,.01,.06,129,259,30.50,-,.30,,
Mar,13,17.50,.12,.24,103,313,30.00,-.07,4.50,,
Mar,13,17.51,.17,.37,41,196,33.40,-.09,6.56,,
Mar,13,18.00,.20,.27,10,844,29.80,-.11,7.49,,
Mar,13,18.01,.23,.22,405,325,31.30,-.12,8.62,,
Mar,13,18.50,.32,.34,70,1512,29.70,-.16,11.80,,
Mar,13,19.00,.44,.52,395,339,28.30,-.22,16.48,,
Mar,13,19.01,.43,.40,368,275,27.90,-.22,16.11,,
Mar,13,19.50,.62,.63,66,190,27.40,-.30,23.22,,
Mar,13,20.00,.83,.92,185,273,26.10,-.39,31.28,,
Mar,13,21.01,1.50,1.46,5,595,26.70,-.61,29.59,,
Mar,13,32.00,12.16,11.50,14,36,21.30,-1.00,17.42,,
Apr,13,16.00,.04,.10,16,77,28.40,-.02,.96,,
Apr,13,16.50,.07,.11,30,30,28.30,-.04,1.80,,
Apr,13,17.00,.13,.17,32,45,28.30,-.06,3.00,,
Apr,13,17.50,.20,.23,28,39,28.20,-.09,4.67,,
Apr,13,18.00,.30,.32,34,83,28.10,-.14,7.19,,
Apr,13,18.50,.41,.41,20,40,27.50,-.19,9.95,,
Apr,13,19.00,.56,.54,156,146,26.80,-.24,13.55,,
Apr,13,19.50,.75,.84,30,30,26.00,-.31,17.98,,
May,13,16.50,.19,.19,30,10,29.90,-.08,2.97,,
May,13,17.50,.35,.30,30,30,28.90,-.13,5.62,,
May,13,18.00,.46,.44,17,-,28.50,-.17,7.38,,
Jun,13,18.01,.55,.38,85,50,28.00,-.19,7.06,,
Jun,13,18.51,.61,.63,120,30,25.70,-.22,7.83,,
Jun,13,20.50,1.40,2.73,341,341,22.00,-.46,15.35,,
Sep,13,20.00,1.65,1.66,50,67,23.90,-.38,12.84,,
Sep,13,22.50,3.20,2.81,15,15,20.90,-.73,7.78,,
Dec,13,19.31,1.50,1.58,35,45,24.00,-.31,8.53,,
Dec,13,20.30,1.94,1.77,214,214,22.60,-.40,11.05,,
Dec,13,20.80,2.19,2.40,71,65,21.90,-.46,9.68,,
Dec,13,21.29,2.47,2.76,40,40,21.10,-.52,8.45,,
Dec,13,23.28,3.84,3.63,56,56,18.30,-.89,4.91,,
Dec,13,24.76,5.06,5.07,20,20,14.10,-1.00,3.42,,
,
Lend Lease Grp Last Sale Price $10.34,
Feb,13,9.00,.00,.01,20,275,34.50,-.01,1.01,,
Feb,13,10.00,.06,.05,41,394,24.10,-.21,15.13,,
Feb,13,10.25,.14,.14,434,239,23.40,-.40,34.04,,
Feb,13,10.50,.26,.27,800,388,22.10,-.62,25.21,,
Mar,13,9.50,.07,.07,350,261,21.90,-.11,5.52,,
Mar,13,9.75,.13,.14,152,306,21.60,-.19,9.56,,
Mar,13,10.00,.22,.21,69,1372,21.60,-.29,16.18,,
Apr,13,9.50,.10,.11,60,202,19.80,-.13,4.71,,
Apr,13,10.00,.27,.27,98,98,20.30,-.30,12.47,,
Apr,13,10.25,.38,.35,90,120,20.00,-.41,17.89,,
Sep,13,10.25,.73,.73,22,22,21.10,-.39,11.23,,
Dec,13,10.25,.80,.82,80,80,20.20,-.38,8.91,,
Mar,14,9.00,.40,.41,30,-,20.70,-.15,3.38,,
,
Macquarie Grp Last Sale Price $37.78,
Feb,13,29.00,.03,.03,71,71,65.70,-.01,1.73,,
Feb,13,29.50,.03,.02,110,80,62.40,-.01,1.73,,
Feb,13,30.00,.03,.03,53,1412,59.10,-.02,1.73,,
Feb,13,32.00,.03,.04,174,924,45.80,-.02,2.07,,
Feb,13,32.50,.03,.04,89,623,42.50,-.03,2.07,,
Feb,13,34.00,.04,.09,400,3323,32.50,-.04,2.42,,
Feb,13,34.01,.04,.14,50,150,31.90,-.04,2.42,,
Feb,13,34.50,.04,.07,220,323,29.20,-.04,2.76,,
Feb,13,35.00,.05,.22,299,1556,27.00,-.06,3.45,,
Feb,13,35.50,.07,.14,364,440,25.30,-.09,5.18,,
Feb,13,36.00,.12,.14,1746,1263,23.90,-.13,7.94,,
Feb,13,36.01,.11,.25,442,459,23.00,-.12,7.25,,
Feb,13,36.50,.19,.21,502,537,23.00,-.20,12.77,,
Feb,13,36.51,.19,.44,209,279,22.90,-.20,12.77,,
Feb,13,37.00,.30,.31,1151,1601,22.10,-.29,20.70,,
Feb,13,37.01,.30,.56,309,240,22.20,-.29,20.70,,
Feb,13,37.50,.46,.53,625,267,21.30,-.40,31.74,,
Feb,13,37.51,.47,.91,190,208,21.60,-.41,32.43,,
Feb,13,38.00,.66,.73,487,317,19.80,-.54,30.36,,
Feb,13,38.50,1.02,1.31,381,81,21.60,-.66,21.05,,
Feb,13,38.51,1.03,.66,127,546,21.80,-.66,20.70,,
Feb,13,39.00,1.40,1.40,259,115,21.80,-.77,12.08,,
Feb,13,39.01,1.41,1.03,3,532,22.30,-.77,12.08,,
Feb,13,39.50,1.81,1.15,59,1,22.00,-.86,6.21,,
Feb,13,40.00,2.26,3.00,79,67,22.20,-.93,2.76,,
Mar,13,26.50,.03,.05,30,250,45.40,-.01,.50,,
Mar,13,27.00,.04,.05,35,95,45.40,-.01,.70,,
Mar,13,28.00,.04,.07,30,126,42.90,-.02,.91,,
Mar,13,28.50,.05,.07,30,406,41.10,-.02,1.01,,
Mar,13,30.00,.07,.08,79,3648,37.10,-.03,1.41,,
Mar,13,30.01,.06,.07,30,240,35.60,-.03,1.11,,
Mar,13,30.51,.06,.11,28,28,33.70,-.03,1.21,,
Mar,13,31.00,.09,.08,40,278,34.00,-.04,1.71,,
Mar,13,31.50,.10,.13,80,80,32.40,-.05,1.91,,
Mar,13,32.00,.11,.16,300,729,30.90,-.05,2.11,,
Mar,13,32.01,.07,5.50,30,37,28.30,-.04,1.41,,
Mar,13,33.00,.13,.35,40,370,27.80,-.07,2.62,,
Mar,13,33.01,.11,.36,30,281,26.40,-.06,2.11,,
Mar,13,34.00,.17,.26,360,901,24.70,-.10,3.32,,
Mar,13,34.01,.17,.17,30,-,24.60,-.09,3.32,,
Mar,13,34.50,.21,.39,838,1954,23.80,-.12,4.23,,
Mar,13,35.00,.29,.30,665,1874,23.80,-.15,5.84,,
Mar,13,35.01,.27,.40,319,206,23.20,-.15,5.43,,
Mar,13,35.50,.35,.41,386,703,22.70,-.19,7.04,,
Mar,13,36.00,.45,.48,571,425,22.10,-.23,9.06,,
Mar,13,36.01,.45,.63,184,159,22.00,-.23,9.06,,
Mar,13,36.50,.57,.96,1169,1008,21.60,-.29,11.57,,
Mar,13,37.00,.73,1.01,959,964,21.10,-.35,14.69,,
Mar,13,37.01,.73,.75,548,292,21.10,-.35,14.69,,
Mar,13,37.50,.92,.98,859,539,20.60,-.41,18.52,,
Mar,13,37.51,.92,.99,35,12,20.70,-.42,18.42,,
Mar,13,38.00,1.15,1.21,647,596,20.30,-.49,18.72,,
Mar,13,38.01,1.15,1.17,340,324,20.40,-.49,18.42,,
Mar,13,38.50,1.44,1.22,100,200,20.30,-.56,14.39,,
Mar,13,39.00,1.75,1.33,100,220,20.30,-.64,10.67,,
Mar,13,39.01,1.71,1.28,300,321,19.80,-.64,9.66,,
Mar,13,39.50,2.10,1.60,50,50,20.30,-.71,7.65,,
Mar,13,40.00,2.48,1.91,50,50,20.30,-.78,5.33,,
Apr,13,32.00,.17,.12,40,1205,27.80,-.07,2.19,,
Apr,13,34.50,.37,.46,110,171,23.40,-.16,4.77,,
Apr,13,35.00,.44,.55,100,525,22.50,-.18,5.60,,
Apr,13,35.01,.43,.44,43,50,22.50,-.18,5.54,,
Apr,13,35.50,.53,.72,162,805,21.90,-.22,6.76,,
Apr,13,36.00,.64,.70,330,510,21.30,-.26,8.24,,
Apr,13,36.50,.78,.96,178,606,20.90,-.30,10.05,,
Apr,13,36.51,.77,.66,50,114,20.90,-.30,9.92,,
Apr,13,37.00,.94,1.24,190,246,20.60,-.36,12.17,,
Apr,13,37.01,.94,1.14,50,118,20.50,-.36,12.04,,
Apr,13,37.50,1.14,1.38,105,126,20.10,-.41,14.62,,
Apr,13,38.50,1.60,1.65,22,246,19.20,-.54,11.27,,
Apr,13,39.00,1.91,1.60,50,550,19.20,-.60,8.82,,
Apr,13,39.01,1.92,1.58,50,100,19.80,-.60,8.82,,
Apr,13,41.00,3.40,3.75,600,134,19.20,-.85,2.38,,
May,13,27.50,.10,.16,34,34,32.40,-.03,.86,,
May,13,27.51,.10,.16,34,34,32.40,-.03,.86,,
May,13,28.00,.11,.18,34,34,31.50,-.03,.95,,
May,13,28.01,.11,.19,34,34,31.40,-.03,.95,,
May,13,28.50,.13,.20,34,54,30.50,-.03,1.08,,
May,13,30.50,.20,.24,15,20,26.90,-.05,1.73,,
May,13,31.00,.22,.27,10,70,25.90,-.06,1.90,,
May,13,33.00,.41,.55,110,110,23.40,-.11,3.58,,
May,13,34.00,.58,.80,59,59,22.60,-.15,5.05,,
May,13,34.51,.67,.69,50,20,21.90,-.17,5.74,,
May,13,35.51,.87,1.01,30,-,20.30,-.23,7.50,,
May,13,36.00,1.13,1.42,34,64,21.20,-.28,9.75,,
May,13,38.00,1.97,2.44,33,33,19.40,-.46,15.10,,
Jun,13,34.00,.72,.91,45,87,22.50,-.17,4.97,,
Jun,13,34.01,.94,.69,60,80,25.60,-.19,6.45,,
Jun,13,36.00,1.25,1.48,14,99,20.60,-.28,8.63,,
Jun,13,37.00,1.69,2.09,132,222,20.50,-.36,11.66,,
Jun,13,38.00,2.21,1.85,10,170,20.30,-.45,13.73,,
Jun,13,40.01,3.73,3.13,150,1165,23.40,-.61,10.35,,
Sep,13,33.50,1.18,1.14,25,40,24.70,-.19,4.91,,
Sep,13,34.00,1.31,1.09,35,130,24.40,-.21,5.48,,
Sep,13,35.00,1.63,1.63,25,396,24.00,-.26,6.80,,
Sep,13,36.50,2.19,2.38,1230,1030,23.20,-.34,9.16,,
Dec,13,20.00,.04,.16,30,1070,31.20,-,.14,,
Dec,13,30.00,.78,.96,30,224,25.60,-.10,2.39,,
Dec,13,31.00,1.00,1.80,15,176,25.50,-.13,3.08,,
Dec,13,31.50,1.12,1.14,15,15,25.30,-.14,3.42,,
Dec,13,33.50,1.69,1.73,25,25,24.60,-.21,5.17,,
Dec,13,34.01,1.68,1.92,30,30,23.20,-.22,5.15,,
Dec,13,34.50,2.02,1.99,10,100,24.20,-.25,6.20,,
Dec,13,35.00,2.21,2.15,10,94,24.10,-.27,6.79,,
Dec,13,35.50,2.42,2.09,5,70,23.90,-.29,7.42,,
Dec,13,37.00,3.09,3.11,30,31,23.40,-.36,9.48,,
Dec,13,37.50,3.33,3.37,30,30,23.20,-.39,10.21,,
Dec,13,40.00,4.75,4.10,1,51,22.30,-.54,7.74,,
Mar,14,36.00,2.60,3.05,48,48,21.00,-.32,6.07,,
Sep,14,43.00,7.78,8.25,125,125,20.40,-.68,4.15,,
Dec,14,38.00,5.17,5.18,23,1,22.10,-.41,7.04,,
Dec,14,50.00,13.87,13.85,50,-,20.40,-1.00,2.34,,
Jun,15,43.00,8.92,9.24,100,100,20.60,-.63,4.12,,
,
Myer Hldgs Last Sale Price $2.59,
Feb,13,2.40,.01,.01,2830,1948,35.20,-.11,10.07,,
Mar,13,2.00,.01,.01,220,1010,36.40,-.02,1.47,,
Mar,13,2.10,.01,.02,400,2200,35.90,-.04,2.94,,
Mar,13,2.20,.03,.03,200,1151,35.50,-.08,7.34,,
Mar,13,2.30,.04,.05,80,1254,30.80,-.12,10.28,,
Mar,13,2.40,.06,.07,40,834,29.50,-.20,17.62,,
Mar,13,2.50,.10,.11,345,237,27.30,-.32,27.89,,
Apr,13,2.20,.03,.04,218,218,30.20,-.09,5.64,,
Apr,13,2.40,.07,.12,100,872,28.10,-.23,14.09,,
Apr,13,2.50,.12,.15,1000,1200,26.70,-.33,21.61,,
Sep,13,2.00,.06,.06,30,60,30.50,-.09,3.36,,
,
National Aust Bank Last Sale Price $29.02,
Feb,13,23.51,-,.02,403,1003,35.90,-,1.80,,
Feb,13,24.50,.00,.01,3530,5983,33.70,-,.18,,
Feb,13,25.50,.01,.01,2403,4732,30.40,-.01,.54,,
Feb,13,26.00,.01,.01,1390,3618,29.40,-.02,1.35,,
Feb,13,26.50,.01,.01,1147,6519,25.10,-.02,1.35,,
Feb,13,27.00,.03,.03,4275,6556,22.90,-.04,2.25,,
Feb,13,27.01,.03,.05,255,1236,23.00,-.04,2.25,,
Feb,13,27.50,.04,.04,9725,9297,20.60,-.07,3.59,,
Feb,13,27.51,.04,.11,528,509,20.30,-.07,3.59,,
Feb,13,28.00,.07,.08,5787,3825,18.40,-.14,6.74,,
Feb,13,28.01,.07,.12,864,894,18.30,-.14,6.74,,
Feb,13,28.50,.17,.19,6998,933,17.60,-.27,15.27,,
Feb,13,28.51,.17,.20,450,-,17.40,-.27,14.82,,
Feb,13,29.00,.34,.36,904,317,16.40,-.46,30.10,,
Feb,13,32.01,2.96,3.13,60,-,16.90,-1.00,-,,
Mar,13,23.50,.00,.03,22,8047,23.80,-,.10,,
Mar,13,24.00,.01,.03,100,11004,23.60,-,.21,,
Mar,13,25.00,.03,.06,860,9932,23.30,-.03,.79,,
Mar,13,25.01,.03,.07,25,703,23.20,-.03,.79,,
Mar,13,25.50,.04,.07,241,2586,21.60,-.04,.92,,
Mar,13,25.51,.04,.08,38,288,21.50,-.04,.92,,
Mar,13,26.00,.04,.05,1295,3708,19.80,-.05,1.18,,
Mar,13,26.01,.05,.07,195,1749,20.00,-.05,1.31,,
Mar,13,26.50,.07,.07,4232,3942,19.00,-.07,1.83,,
Mar,13,26.51,.07,.34,200,870,18.80,-.07,1.83,,
Mar,13,27.00,.10,.10,4032,4031,17.50,-.10,2.49,,
Mar,13,27.01,.10,.23,205,450,17.70,-.10,2.62,,
Mar,13,27.50,.16,.19,5051,3599,17.00,-.15,4.19,,
Mar,13,27.51,.16,.40,345,937,17.00,-.16,4.19,,
Mar,13,28.00,.25,.29,1479,2413,16.20,-.23,6.42,,
Mar,13,28.01,.24,.25,943,427,15.90,-.22,6.29,,
Mar,13,28.50,.38,.41,2293,1544,15.40,-.32,9.83,,
Mar,13,28.51,.39,.43,666,349,15.80,-.33,10.09,,
Mar,13,29.00,.58,.66,550,470,15.40,-.45,15.33,,
Mar,13,29.01,.57,.61,115,40,15.10,-.45,14.94,,
Mar,13,30.00,1.19,1.24,1000,600,15.40,-.71,5.50,,
Apr,13,20.50,.00,.25,85,300,25.50,-,-,,
Apr,13,21.00,.00,.01,2275,1204,25.40,-,-,,
Apr,13,21.50,.00,.02,220,2134,25.30,-,-,,
Apr,13,23.00,.01,.02,1000,697,25.00,-.01,.25,,
Apr,13,23.50,.02,.04,200,802,23.80,-.02,.34,,
Apr,13,24.00,.03,.15,1935,2871,22.70,-.02,.50,,
Apr,13,24.50,.04,.07,400,1169,21.50,-.03,.59,,
Apr,13,25.00,.04,.10,70,439,20.40,-.04,.75,,
Apr,13,26.00,.07,.22,330,980,17.90,-.06,1.26,,
Apr,13,26.50,.11,.10,350,1562,17.20,-.09,1.84,,
Apr,13,27.00,.16,.19,1381,1698,16.40,-.12,2.60,,
Apr,13,27.01,.16,.30,26,246,16.40,-.13,2.60,,
Apr,13,27.50,.23,.25,492,2092,15.80,-.18,3.77,,
Apr,13,27.51,.23,.57,10,161,15.80,-.18,3.77,,
Apr,13,28.00,.33,.39,1091,1771,15.20,-.24,5.53,,
Apr,13,28.50,.48,.56,408,540,14.90,-.33,8.05,,
Apr,13,29.00,.67,.75,90,-,14.50,-.44,11.24,,
Apr,13,29.01,.67,.71,299,136,14.60,-.44,11.24,,
May,13,25.50,.16,.34,125,673,17.00,-.06,1.80,,
May,13,25.51,.16,.34,84,164,17.00,-.06,1.80,,
May,13,26.00,.22,.40,30,1961,16.50,-.08,2.47,,
May,13,26.01,.22,.44,916,913,16.30,-.08,2.41,,
May,13,26.50,.30,.53,70,1330,16.00,-.11,3.37,,
May,13,26.51,.29,.44,30,250,15.80,-.10,3.31,,
May,13,27.00,.41,.75,20,1821,15.40,-.14,4.55,,
May,13,27.50,.56,.63,60,3629,15.20,-.20,6.23,,
May,13,28.00,.75,.86,40,2578,14.90,-.26,8.37,,
May,13,28.50,.98,1.18,15,30,14.90,-.34,11.06,,
May,13,29.00,1.29,1.91,300,300,15.10,-.43,14.49,,
May,13,32.51,4.17,5.17,37,107,15.90,-1.00,7.64,,
Jun,13,21.00,.04,.17,120,793,26.10,-.01,.40,,
Jun,13,22.00,.05,.06,1050,7044,23.00,-.02,.45,,
Jun,13,23.00,.06,.07,430,2542,20.00,-.02,.49,,
Jun,13,24.00,.10,.14,1935,5717,19.00,-.03,.90,,
Jun,13,24.50,.13,.20,673,3168,18.30,-.04,1.17,,
Jun,13,25.00,.17,.20,330,7014,17.60,-.05,1.48,,
Jun,13,25.50,.22,.36,660,2352,17.00,-.07,1.98,,
Jun,13,26.00,.28,.36,276,2892,16.40,-.09,2.56,,
Jun,13,26.01,.27,.45,60,774,16.10,-.09,2.43,,
Jun,13,26.50,.38,.41,1535,9220,16.00,-.12,3.37,,
Jun,13,26.51,.38,.42,420,660,16.00,-.12,3.41,,
Jun,13,27.00,.50,.67,1268,5473,15.50,-.16,4.45,,
Jun,13,27.01,.52,1.30,60,344,16.00,-.17,4.63,,
Jun,13,27.50,.65,.81,55,2365,15.20,-.21,5.79,,
Jun,13,27.51,.69,.85,50,100,15.90,-.22,6.15,,
Jun,13,28.00,.80,.94,280,2180,14.40,-.26,7.19,,
Jun,13,28.50,1.04,1.29,40,145,14.40,-.34,9.39,,
Jun,13,30.00,2.04,2.71,162,130,14.80,-.60,9.52,,
Jul,13,29.00,1.46,1.54,185,-,15.10,-.42,10.93,,
Jul,13,31.00,2.89,3.95,1,1,15.10,-.76,6.81,,
Sep,13,22.00,.14,.12,12,785,22.50,-.03,.74,,
Sep,13,23.00,.20,.23,20,602,21.40,-.05,1.09,,
Sep,13,23.01,.16,.32,100,1452,20.10,-.04,.84,,
Sep,13,24.00,.29,.30,100,760,20.30,-.07,1.58,,
Sep,13,24.01,.24,.26,10,30,19.30,-.06,1.31,,
Sep,13,24.50,.35,.49,415,1029,19.80,-.09,1.91,,
Sep,13,24.51,.30,.43,20,120,18.90,-.08,1.63,,
Sep,13,25.00,.42,.52,300,1177,19.20,-.10,2.29,,
Sep,13,25.50,.50,.46,80,334,18.70,-.13,2.72,,
Sep,13,26.00,.59,.72,2253,2123,18.20,-.15,3.24,,
Sep,13,26.01,.55,1.04,20,140,17.60,-.14,2.97,,
Sep,13,27.00,.83,1.42,130,758,17.10,-.21,4.55,,
Sep,13,27.01,.79,.92,40,55,16.80,-.21,4.27,,
Sep,13,28.00,1.16,1.48,30,100,16.00,-.29,6.29,,
Sep,13,28.01,1.12,1.47,30,121,15.90,-.29,6.07,,
Sep,13,30.00,2.23,2.89,130,130,14.90,-.55,6.78,,
Dec,13,22.00,.23,.35,130,4900,20.40,-.04,.92,,
Dec,13,24.00,.46,.52,1407,3174,18.40,-.07,1.84,,
Dec,13,24.50,.54,.80,40,1412,17.90,-.09,2.14,,
Dec,13,25.00,.63,.78,375,2063,17.50,-.11,2.52,,
Dec,13,25.50,.75,.80,47,993,17.20,-.13,2.99,,
Dec,13,26.00,.89,.98,90,1405,16.80,-.15,3.55,,
Dec,13,26.50,1.04,1.15,607,935,16.40,-.18,4.15,,
Dec,13,27.00,1.24,1.64,1552,6051,16.30,-.21,4.95,,
Dec,13,28.00,1.68,1.81,640,1171,15.90,-.29,6.69,,
Dec,13,31.00,3.94,4.11,40,120,19.10,-.60,7.83,,
Mar,14,25.00,.79,1.03,12,17,17.40,-.13,2.39,,
Jun,14,26.00,1.58,1.65,809,310,17.90,-.20,3.94,,
Jun,14,26.50,1.93,5.31,342,402,19.00,-.22,4.82,,
Sep,14,25.00,1.35,1.40,35,-,18.20,-.13,2.84,,
Sep,14,25.50,1.62,1.64,70,315,18.80,-.19,3.42,,
Dec,14,22.00,.86,1.15,100,310,19.70,-.07,1.59,,
Dec,14,26.00,2.10,2.65,15,1710,17.60,-.19,3.88,,
Dec,14,29.00,4.03,8.70,180,170,19.30,-.39,7.47,,
Jun,15,24.00,2.05,2.40,2,206,20.60,-.13,2.97,,
Jun,15,26.00,2.61,3.00,2,-,18.00,-.19,3.78,,
Dec,15,25.00,1.71,2.90,120,11,12.30,-.08,2.06,,
,
Newcrest Min Last Sale Price $24.52,
Feb,13,18.00,-,.01,529,895,42.60,-,1.06,,
Feb,13,18.50,-,.01,57,147,42.00,-,1.06,,
Feb,13,19.50,.00,.01,50,1626,42.30,-,.11,,
Feb,13,20.00,.00,.03,58,2068,40.30,-,.21,,
Feb,13,21.00,.01,.07,1243,3882,39.20,-.02,1.06,,
Feb,13,21.50,.02,.15,875,3793,38.70,-.03,2.13,,
Feb,13,22.00,.03,.04,4294,10064,33.00,-.04,2.66,,
Feb,13,22.01,.01,.07,369,879,30.50,-.03,1.59,,
Feb,13,22.50,.05,.06,889,3786,32.30,-.07,5.32,,
Feb,13,23.00,.09,.10,2257,2651,30.60,-.12,9.57,,
Feb,13,23.01,.09,.09,330,1822,30.30,-.12,9.04,,
Feb,13,23.50,.15,.20,2156,3759,28.20,-.19,15.95,,
Feb,13,23.51,.16,.18,472,535,28.40,-.20,16.48,,
Feb,13,24.00,.27,.28,722,4833,27.20,-.32,28.71,,
Feb,13,24.01,.28,1.15,50,700,27.30,-.32,29.24,,
Feb,13,24.50,.47,.50,526,4680,26.60,-.47,49.97,,
Feb,13,24.51,.50,.52,1920,6020,27.80,-.47,52.63,,
Feb,13,25.00,.78,.95,32,862,27.70,-.62,31.37,,
Feb,13,25.51,1.13,2.46,50,3538,27.10,-.77,14.89,,
Feb,13,26.00,1.60,2.18,200,667,32.30,-.82,12.76,,
Feb,13,26.01,1.54,1.66,245,9723,27.10,-.88,5.85,,
Feb,13,26.50,1.99,2.12,797,966,24.90,-.98,1.06,,
Feb,13,26.51,2.05,2.15,20,5091,33.80,-.89,6.38,,
Feb,13,27.00,2.48,3.01,10,1257,24.90,-1.00,-,,
Feb,13,29.01,4.53,4.50,460,465,56.00,-.95,3.72,,
Feb,13,30.01,5.50,5.75,20,567,57.90,-.98,.53,,
Feb,13,33.01,8.46,10.01,25,672,62.80,-1.00,-,,
Mar,13,19.00,.01,.05,30,610,32.00,-,.31,,
Mar,13,19.50,.04,.06,30,1208,34.50,-.02,1.09,,
Mar,13,20.50,.07,.08,90,688,32.80,-.05,2.33,,
Mar,13,21.00,.09,.20,510,1386,30.50,-.06,2.79,,
Mar,13,21.01,.07,.23,50,491,28.40,-.05,2.02,,
Mar,13,21.50,.13,.29,722,1394,29.30,-.09,3.88,,
Mar,13,21.51,.11,.28,70,268,28.30,-.08,3.41,,
Mar,13,22.00,.17,.19,941,5550,28.20,-.12,5.43,,
Mar,13,22.01,.17,.20,30,672,28.20,-.12,5.43,,
Mar,13,22.50,.24,.27,503,9701,27.10,-.16,7.44,,
Mar,13,22.51,.25,.28,306,770,27.40,-.16,7.75,,
Mar,13,23.00,.35,.77,353,3003,26.70,-.22,10.85,,
Mar,13,23.01,.36,.47,388,1389,26.90,-.22,11.16,,
Mar,13,23.50,.48,.50,542,1389,25.90,-.28,14.89,,
Mar,13,24.00,.67,.72,131,1860,25.50,-.36,20.62,,
Mar,13,24.01,.67,.69,1080,1997,25.50,-.37,20.62,,
Mar,13,24.50,.89,1.05,60,481,25.10,-.45,27.60,,
Mar,13,25.00,1.16,2.98,145,1782,24.70,-.55,20.93,,
Mar,13,25.01,1.16,1.26,60,2882,24.80,-.55,20.78,,
Mar,13,25.50,1.49,1.50,40,1566,24.90,-.64,15.82,,
Mar,13,26.01,1.84,2.00,460,1959,24.50,-.73,10.85,,
Mar,13,26.51,2.23,3.26,40,809,24.40,-.81,7.60,,
Mar,13,27.01,2.66,3.74,5,801,24.30,-.88,5.27,,
Mar,13,27.51,3.11,3.29,20,740,24.20,-.95,3.57,,
Mar,13,28.00,3.59,4.29,10,1365,25.00,-.99,3.26,,
Mar,13,28.01,3.57,4.77,150,960,24.00,-1.00,2.48,,
Mar,13,29.51,5.02,5.32,25,1260,24.60,-1.00,.93,,
Mar,13,30.01,5.51,6.25,13,882,24.80,-1.00,.62,,
Mar,13,32.51,8.00,9.12,25,184,17.50,-1.00,.16,,
Mar,13,35.00,10.49,10.60,5,8,28.10,-1.00,.47,,
Mar,13,37.51,12.98,14.12,13,761,2.00,-1.00,-,,
Mar,13,39.51,14.97,15.75,8,316,2.00,-1.00,-,,
Apr,13,20.51,.12,.24,40,40,29.30,-.07,2.38,,
Apr,13,21.00,.17,.33,10,475,29.30,-.09,3.47,,
Apr,13,21.01,.17,.21,25,69,29.30,-.09,3.47,,
Apr,13,21.50,.23,.46,20,100,28.60,-.12,4.66,,
Apr,13,21.51,.23,.39,35,175,28.60,-.12,4.66,,
Apr,13,22.00,.31,.51,40,1462,27.90,-.16,6.15,,
Apr,13,22.01,.30,.56,40,910,27.80,-.16,6.05,,
Apr,13,22.50,.40,.72,65,177,27.00,-.20,7.94,,
Apr,13,22.51,.41,.51,68,140,27.10,-.20,8.04,,
Apr,13,23.00,.53,.88,130,62,26.60,-.25,10.52,,
Apr,13,23.01,.53,.66,50,30,26.60,-.25,10.42,,
Apr,13,23.50,.69,.72,2040,327,26.20,-.31,13.69,,
Apr,13,23.51,.68,.82,51,70,26.10,-.31,13.50,,
Apr,13,24.00,.87,.89,127,1805,25.60,-.37,17.27,,
Apr,13,24.01,.87,.95,40,1201,25.70,-.37,17.27,,
Apr,13,24.50,1.13,1.15,2153,1568,25.90,-.44,22.33,,
May,13,23.50,.93,1.42,30,370,26.60,-.32,12.29,,
May,13,25.00,1.62,3.15,100,55,25.80,-.50,15.15,,
Jun,13,21.00,.38,.44,200,1571,28.20,-.14,4.04,,
Jun,13,22.00,.61,.69,15,1061,28.20,-.21,6.54,,
Jun,13,22.50,.75,1.84,30,244,27.70,-.24,7.97,,
Jun,13,24.00,1.26,1.96,640,666,26.20,-.38,13.45,,
Jun,13,24.50,1.51,1.74,5,60,26.30,-.43,16.11,,
Jun,13,25.00,1.82,3.06,25,625,26.80,-.48,14.25,,
Jun,13,25.50,2.00,2.03,782,124,24.90,-.54,10.90,,
Jun,13,26.00,2.33,2.45,50,1272,24.90,-.60,9.04,,
Jun,13,26.01,2.33,3.10,100,381,25.50,-.60,8.88,,
Jun,13,27.01,2.96,3.82,75,506,24.30,-.72,4.94,,
Jun,13,27.50,3.45,4.01,20,810,25.20,-.76,5.00,,
Jun,13,29.51,4.99,5.25,25,1029,23.40,-1.00,-,,
Jun,13,30.01,5.47,5.66,339,489,24.40,-1.00,-,,
Sep,13,21.50,.90,1.24,20,175,28.90,-.21,5.77,,
Sep,13,22.01,1.04,1.42,112,362,28.70,-.24,6.73,,
Sep,13,22.51,1.19,1.59,60,190,28.20,-.27,7.67,,
Sep,13,24.00,1.77,2.56,100,145,27.30,-.37,11.44,,
Sep,13,27.01,3.42,4.94,10,30,25.30,-.64,5.99,,
Sep,13,28.00,4.22,5.04,10,326,26.30,-.72,4.80,,
Sep,13,38.01,13.20,14.10,10,788,26.10,-1.00,-,,
Dec,13,17.90,.25,.54,30,188,27.40,-.06,1.18,,
Dec,13,20.39,.72,1.81,10,50,27.40,-.16,3.43,,
Dec,13,22.87,1.56,2.64,10,225,27.40,-.29,7.40,,
Dec,13,23.37,1.79,2.62,10,42,27.40,-.33,8.48,,
Dec,13,23.87,2.03,2.30,250,224,27.40,-.36,9.59,,
Dec,13,24.36,2.38,2.89,20,220,28.60,-.39,11.25,,
Mar,14,24.00,2.52,2.95,97,123,28.80,-.34,9.08,,
Jun,14,24.86,3.22,3.37,20,-,28.50,-.43,8.51,,
,
News Corp Last Sale Price $27.43,
Feb,13,24.00,-,.04,357,470,21.00,-,3.33,,
Feb,13,24.50,.00,.04,70,236,20.90,-,-,,
Feb,13,25.00,.00,.13,250,801,20.90,-,.29,,
Feb,13,25.50,.01,.11,661,971,20.80,-.03,.95,,
Feb,13,26.00,.04,.17,1570,1060,20.80,-.08,3.80,,
Feb,13,26.50,.10,.42,1935,1011,20.20,-.17,9.50,,
Feb,13,27.00,.21,.19,6667,2714,19.40,-.31,19.96,,
Feb,13,27.50,.44,.50,86,57,20.20,-.50,35.17,,
Feb,13,28.00,.72,1.27,50,50,18.70,-.70,14.73,,
Mar,13,23.00,.01,.04,20,428,24.20,-.02,.42,,
Mar,13,24.00,.04,.05,100,2490,22.50,-.04,1.11,,
Mar,13,24.50,.07,.08,390,650,21.90,-.06,1.80,,
Mar,13,25.00,.09,.22,50,632,20.40,-.08,2.49,,
Mar,13,25.50,.14,.26,312,350,19.70,-.12,4.02,,
Mar,13,26.00,.23,.55,625,275,19.20,-.18,6.38,,
Mar,13,26.50,.35,.61,130,229,18.90,-.26,9.84,,
Mar,13,28.00,1.05,1.49,20,70,18.50,-.59,13.31,,
Apr,13,24.00,.07,.11,30,80,20.60,-.05,1.33,,
Apr,13,25.00,.17,.27,21,21,20.10,-.12,3.10,,
Apr,13,25.50,.23,.36,65,123,18.80,-.15,3.99,,
Apr,13,26.00,.34,.50,101,82,18.60,-.21,5.94,,
Apr,13,26.01,.36,.55,89,89,19.20,-.22,6.39,,
Apr,13,26.50,.47,.89,97,113,18.30,-.28,8.43,,
Apr,13,27.00,.66,.87,81,81,18.10,-.37,11.71,,
Apr,13,27.50,.90,1.12,130,90,17.90,-.46,14.64,,
Apr,13,28.50,1.49,1.76,15,18,17.50,-.66,7.36,,
Apr,13,29.00,1.87,2.76,40,20,17.90,-.75,5.32,,
Apr,13,29.50,2.27,2.28,20,-,18.00,-.84,3.64,,
Jun,13,25.00,.36,.34,22,290,19.60,-.16,3.47,,
Jun,13,26.00,.61,.88,40,90,19.30,-.26,5.85,,
Jul,13,28.50,1.85,1.84,20,-,18.20,-.57,6.14,,
Sep,13,23.00,.26,.26,20,110,20.60,-.09,1.47,,
Sep,13,23.50,.33,.33,30,121,20.50,-.11,1.90,,
Sep,13,24.00,.41,.40,29,259,20.30,-.14,2.36,,
Sep,13,24.50,.52,.49,93,124,20.10,-.16,2.97,,
Sep,13,25.00,.63,.57,57,55,19.90,-.20,3.63,,
Sep,13,27.00,1.31,1.38,100,100,19.20,-.37,7.57,,
Sep,13,27.50,1.54,1.60,20,40,19.10,-.42,8.47,,
Dec,13,24.00,.55,.66,46,136,19.80,-.15,2.30,,
Dec,13,27.00,1.53,1.59,520,560,19.30,-.36,6.48,,
Dec,13,27.50,1.77,1.73,20,40,19.20,-.41,7.18,,
Mar,14,27.00,1.72,1.80,35,35,18.90,-.35,5.54,,
Mar,14,29.00,2.75,2.79,100,-,18.40,-.58,3.80,,
,
Origin Energy Last Sale Price $12.27,
Feb,13,9.75,.00,.02,50,1530,50.70,-,.64,,
Feb,13,10.01,.00,.03,50,57,43.90,-,.42,,
Feb,13,10.76,.02,.04,50,100,43.60,-.05,4.25,,
Feb,13,11.01,.03,.04,430,250,40.20,-.07,6.37,,
Feb,13,11.26,.04,.07,250,180,36.60,-.10,8.50,,
Feb,13,11.75,.10,.15,200,1061,31.80,-.22,20.19,,
Feb,13,11.76,.10,.06,42,132,31.50,-.22,20.19,,
Feb,13,12.00,.16,.25,1487,2470,30.20,-.33,32.93,,
Feb,13,12.25,.25,.22,3020,4120,28.90,-.46,53.12,,
Feb,13,12.50,.39,.29,350,645,28.10,-.62,32.93,,
Mar,13,9.50,.01,.04,40,250,31.50,-,.43,,
Mar,13,10.00,.03,.04,20,886,31.20,-.03,1.55,,
Mar,13,11.25,.14,.20,275,1243,25.30,-.14,8.37,,
Mar,13,11.26,.14,.18,85,389,25.60,-.15,8.68,,
Mar,13,11.50,.19,.17,100,648,24.00,-.19,11.47,,
Mar,13,11.51,.19,.19,980,797,24.40,-.20,11.77,,
Mar,13,11.75,.27,.32,85,1011,23.80,-.27,16.73,,
Mar,13,12.00,.37,.36,1432,2658,23.20,-.35,22.93,,
Mar,13,12.25,.50,.60,655,440,22.50,-.45,30.68,,
Mar,13,12.26,.47,.46,180,618,21.40,-.45,29.44,,
Mar,13,13.01,1.02,.98,169,608,21.40,-.77,17.35,,
Mar,13,13.75,1.71,1.52,50,50,18.90,-1.00,14.25,,
Apr,13,11.25,.18,.19,72,326,23.50,-.17,7.14,,
Apr,13,11.50,.25,.10,109,139,22.80,-.22,9.72,,
Apr,13,11.51,.25,.19,60,60,22.90,-.22,9.72,,
Apr,13,12.00,.42,.23,462,621,21.60,-.35,16.86,,
Apr,13,14.01,1.92,1.85,12,12,18.60,-1.00,7.14,,
May,13,11.75,.41,.20,30,30,21.80,-.30,10.76,,
May,13,12.00,.51,.27,30,48,21.20,-.36,13.41,,
May,13,12.25,.63,.34,30,30,20.70,-.43,16.60,,
May,13,12.50,.76,.56,20,20,20.10,-.51,14.08,,
Jun,13,10.00,.09,.14,100,1468,25.70,-.07,1.91,,
Jun,13,11.51,.36,.46,135,145,22.10,-.25,7.76,,
Jun,13,12.00,.56,.57,80,665,21.10,-.36,11.79,,
Jun,13,12.01,.56,.39,90,285,21.20,-.36,11.79,,
Sep,13,9.50,.12,.10,550,697,24.60,-.06,1.48,,
Sep,13,10.00,.19,.23,30,568,24.00,-.09,2.45,,
Sep,13,11.00,.40,.28,50,160,22.00,-.19,5.09,,
Sep,13,15.00,3.02,2.28,9,47,17.50,-1.00,3.73,,
Sep,13,15.01,3.00,3.80,9,205,17.70,-1.00,3.41,,
Dec,13,9.97,.25,.24,10,40,23.50,-.11,2.36,,
Dec,13,12.40,1.10,1.19,100,100,20.20,-.43,9.11,,
Dec,13,12.64,1.23,.98,585,560,19.90,-.48,8.12,,
Dec,13,13.62,1.84,1.64,50,253,19.00,-.73,4.58,,
,
Orica Last Sale Price $26.99,
Feb,13,25.00,.01,.20,50,739,21.10,-.02,.97,,
Feb,13,25.50,.03,.11,784,742,20.90,-.07,2.90,,
Feb,13,26.00,.07,.14,161,263,18.70,-.13,6.28,,
Feb,13,26.50,.15,.22,635,333,17.50,-.27,14.49,,
Mar,13,23.02,.01,.06,50,100,21.40,-.01,.28,,
Mar,13,24.37,.06,.09,44,980,20.30,-.06,1.69,,
Mar,13,25.73,.22,.52,12,74,18.50,-.20,6.20,,
Mar,13,26.18,.31,.70,67,67,17.50,-.27,8.73,,
Mar,13,26.63,.45,.65,81,81,17.10,-.36,12.68,,
Mar,13,27.53,.92,1.04,28,28,17.10,-.59,10.71,,
Apr,13,24.00,.10,.25,70,60,20.20,-.07,1.71,,
Apr,13,25.00,.19,.23,30,282,18.60,-.14,3.43,,
Jun,13,23.00,.17,.20,20,553,20.70,-.07,1.69,,
Jun,13,23.01,.17,.24,50,100,20.60,-.07,1.64,,
Jun,13,24.00,.28,1.66,30,280,19.40,-.12,2.75,,
Sep,13,22.50,.30,.36,10,20,21.60,-.09,1.79,,
Sep,13,24.50,.63,.79,40,40,19.50,-.19,3.69,,
Dec,13,22.11,.45,.47,16,16,21.50,-.10,1.91,,
Dec,13,30.24,4.19,4.28,20,-,18.70,-.78,4.04,,
,
Oil Search Last Sale Price $7.63,
Feb,13,6.75,.01,.01,100,990,36.80,-.03,2.39,,
Feb,13,7.01,.01,.04,200,776,31.10,-.07,5.13,,
Feb,13,7.25,.03,.04,2442,2497,26.20,-.14,10.25,,
Feb,13,7.26,.03,.20,215,1095,24.70,-.13,8.54,,
Feb,13,7.50,.07,.04,5227,4154,23.00,-.32,25.63,,
Feb,13,7.75,.19,.13,165,65,21.60,-.63,23.92,,
Feb,13,8.00,.39,.30,76,-,24.00,-.85,6.83,,
Mar,13,5.25,-,.01,290,290,25.40,-,.80,,
Mar,13,5.50,-,.01,300,70,25.30,-,.80,,
Mar,13,5.75,-,.00,35,70,25.20,-,.30,,
Mar,13,6.50,.01,.04,800,1065,24.90,-.03,.90,,
Mar,13,6.76,.03,.04,100,100,25.70,-.08,2.99,,
Mar,13,7.00,.05,.09,660,2443,24.00,-.13,4.98,,
Mar,13,7.01,.04,.04,308,2315,22.80,-.12,4.48,,
Mar,13,7.25,.09,.09,2644,1240,22.00,-.22,8.97,,
Mar,13,7.26,.09,.07,540,450,21.50,-.22,8.47,,
Mar,13,7.50,.16,.13,546,992,20.80,-.36,15.95,,
Mar,13,7.51,.16,.14,226,100,20.10,-.37,15.95,,
Mar,13,7.75,.28,.72,200,99,20.50,-.54,16.44,,
Mar,13,8.01,.46,.72,30,60,20.30,-.73,7.47,,
Apr,13,6.25,.01,.02,310,190,25.90,-.03,.96,,
Apr,13,6.75,.04,.04,400,330,22.50,-.09,2.23,,
Apr,13,7.00,.07,.12,400,524,21.80,-.15,4.46,,
Apr,13,7.25,.12,.16,600,450,20.60,-.24,7.65,,
Apr,13,7.50,.20,.27,906,678,19.90,-.37,12.76,,
Jun,13,7.26,.20,.17,300,340,20.80,-.28,6.83,,
Jun,13,7.50,.28,.65,600,444,19.80,-.37,9.74,,
Sep,13,7.50,.42,.58,165,240,22.10,-.37,8.70,,
Jun,14,5.00,.06,.10,1,1,26.00,-.05,.52,,
,
OZ Minerals Last Sale Price $7.26,
Feb,13,6.00,.00,.01,30,61,46.30,-.01,1.44,,
Feb,13,6.25,.02,.03,140,472,49.60,-.05,7.18,,
Feb,13,6.50,.03,.07,20,1054,40.10,-.06,8.98,,
Feb,13,6.75,.04,.04,592,1354,33.00,-.11,14.36,,
Feb,13,6.76,.04,.04,100,103,33.90,-.12,16.16,,
Feb,13,7.00,.09,.13,425,1799,28.80,-.23,30.52,,
Feb,13,7.01,.08,.16,30,180,27.70,-.23,28.73,,
Feb,13,7.50,.35,.49,31,681,22.00,-.77,41.30,,
Feb,13,8.01,.84,1.22,100,933,25.30,-1.00,34.12,,
Feb,13,9.01,1.84,2.04,100,41,25.30,-1.00,32.32,,
Mar,13,6.00,.04,.07,109,385,38.50,-.07,4.19,,
Mar,13,6.40,.09,.11,204,827,36.50,-.14,9.43,,
Mar,13,6.90,.21,.20,20,832,33.00,-.29,22.00,,
Mar,13,7.41,.44,.45,200,392,30.30,-.53,30.37,,
Mar,13,8.30,1.20,1.20,3,398,38.70,-.82,16.76,,
Mar,13,9.20,2.04,2.20,20,167,39.30,-1.00,10.47,,
Mar,13,10.60,3.43,3.51,31,8,40.20,-1.00,9.43,,
Apr,13,6.50,.16,.27,80,366,33.60,-.19,10.39,,
Apr,13,6.75,.23,.37,110,369,33.20,-.26,15.08,,
Apr,13,6.76,.22,.25,40,50,32.30,-.26,14.75,,
Apr,13,7.25,.45,.65,59,128,32.70,-.44,30.17,,
Apr,13,10.00,2.83,2.92,31,24,31.90,-1.00,6.03,,
Jun,13,6.50,.28,1.00,100,60,34.00,-.24,10.06,,
Sep,13,5.50,.17,.20,30,195,37.00,-.12,3.81,,
Sep,13,7.00,.70,.76,30,230,35.80,-.36,15.23,,
Dec,13,7.40,1.01,1.05,40,105,34.90,-.42,13.97,,
Dec,13,13.81,6.50,6.90,25,200,42.70,-1.00,-,,
,
Qantas Airways Last Sale Price $1.59,
Feb,13,1.55,.02,.04,630,630,31.20,-.33,32.90,,
Mar,13,1.45,.03,.03,1000,820,33.40,-.20,11.99,,
Mar,13,1.50,.04,.04,4704,3304,32.10,-.28,16.79,,
Mar,13,1.55,.05,.06,1280,1500,30.90,-.38,23.99,,
Apr,13,1.45,.04,.04,500,500,31.60,-.22,10.75,,
Apr,13,1.55,.06,.08,974,974,28.70,-.38,18.42,,
Jun,13,1.51,.07,.07,250,250,29.00,-.32,11.51,,
Sep,13,1.55,.11,.12,500,-,28.10,-.37,10.97,,
,
QBE Insurance Grp Last Sale Price $12.32,
Feb,13,10.00,.00,.01,100,1968,46.90,-,.63,,
Feb,13,10.50,.01,.05,200,2339,45.90,-.03,2.12,,
Feb,13,10.75,.01,.03,81,1902,40.90,-.03,3.17,,
Feb,13,10.76,.01,.03,2000,1792,42.70,-.04,3.17,,
Feb,13,11.00,.02,.03,330,5832,38.70,-.05,4.23,,
Feb,13,11.25,.03,.03,903,3929,34.80,-.07,6.35,,
Feb,13,11.50,.04,.06,982,2095,32.70,-.12,9.52,,
Feb,13,11.75,.07,.08,586,3021,30.00,-.18,15.87,,
Feb,13,12.00,.13,.13,1580,2058,28.60,-.29,27.51,,
Feb,13,12.25,.20,.21,1082,760,26.40,-.43,43.38,,
Feb,13,12.26,.20,.22,120,123,26.10,-.44,43.38,,
Feb,13,12.50,.35,.31,544,924,27.80,-.59,37.03,,
Feb,13,12.51,.35,.44,398,1643,26.70,-.60,33.86,,
Feb,13,12.75,.51,.42,80,1857,25.30,-.75,15.87,,
Feb,13,13.01,.71,1.35,50,885,25.30,-.88,5.29,,
Feb,13,13.25,.94,1.20,193,825,27.20,-.93,3.17,,
Mar,13,9.00,.01,.04,200,1225,43.70,-.02,.93,,
Mar,13,9.50,.04,.04,200,450,43.40,-.04,2.47,,
Mar,13,10.00,.07,.06,300,6740,40.30,-.06,4.01,,
Mar,13,10.01,.07,.07,100,344,40.20,-.06,4.01,,
Mar,13,10.75,.12,.15,100,3670,34.60,-.11,7.10,,
Mar,13,10.76,.12,.12,392,2121,34.70,-.11,7.41,,
Mar,13,11.00,.15,.14,210,4667,33.40,-.14,9.26,,
Mar,13,11.01,.15,.15,288,728,32.90,-.14,9.26,,
Mar,13,11.26,.18,.18,100,1008,30.70,-.18,11.11,,
Mar,13,11.50,.26,.26,5205,11762,31.00,-.23,15.74,,
Mar,13,11.51,.25,.45,100,420,30.20,-.23,15.12,,
Mar,13,11.75,.31,.29,298,456,28.80,-.28,19.13,,
Mar,13,11.76,.32,.29,202,769,28.90,-.29,19.44,,
Mar,13,12.00,.40,.40,373,1911,27.80,-.35,24.69,,
Mar,13,12.01,.40,.36,400,1644,27.70,-.36,24.69,,
Mar,13,12.25,.51,.45,79,792,26.70,-.43,31.17,,
Mar,13,12.26,.52,.56,60,1179,27.10,-.44,31.79,,
Mar,13,12.50,.65,.66,620,2420,26.20,-.52,28.70,,
Mar,13,13.00,.98,1.86,10,7532,25.10,-.70,18.83,,
Mar,13,13.01,.97,1.54,250,819,24.80,-.71,17.59,,
Mar,13,13.26,1.18,1.13,200,24,24.80,-.79,14.81,,
Mar,13,13.51,1.40,1.56,100,479,24.80,-.86,12.65,,
Mar,13,17.01,4.82,6.41,30,340,24.80,-1.00,7.72,,
Apr,13,8.75,.01,.03,63,218,37.70,-.02,.59,,
Apr,13,10.00,.09,.44,120,130,35.20,-.07,3.36,,
Apr,13,10.25,.11,.10,9,29,33.90,-.09,4.35,,
Apr,13,10.50,.13,.17,300,501,32.70,-.11,5.14,,
Apr,13,11.00,.20,.19,2050,7066,30.40,-.17,8.10,,
Apr,13,11.26,.26,.39,200,300,29.30,-.20,10.07,,
Apr,13,11.50,.32,.39,138,741,28.70,-.25,12.64,,
Apr,13,12.01,.50,.61,203,333,27.20,-.36,19.55,,
Apr,13,12.26,.61,.58,12,80,26.70,-.43,24.10,,
Apr,13,12.50,.73,.67,50,439,25.80,-.50,21.92,,
Apr,13,12.51,.73,.72,12,-,25.80,-.50,21.53,,
Apr,13,12.75,.89,1.15,250,270,25.20,-.57,17.97,,
Apr,13,13.01,1.04,2.40,50,70,24.70,-.65,14.02,,
May,13,8.75,.01,.06,30,80,28.30,-,.24,,
May,13,9.25,.03,.07,34,34,28.30,-.02,.66,,
May,13,11.01,.28,.28,50,-,29.00,-.19,7.41,,
May,13,11.25,.34,.33,110,30,28.30,-.22,8.99,,
May,13,11.50,.43,.51,530,514,28.50,-.27,11.37,,
May,13,11.75,.52,.55,100,100,27.90,-.32,13.76,,
May,13,12.25,.73,.61,24,24,26.70,-.42,19.31,,
May,13,12.75,1.04,.93,140,645,27.30,-.53,16.14,,
Jun,13,10.00,.18,.20,10,6019,32.70,-.11,3.81,,
Jun,13,11.00,.35,.33,61,2369,29.50,-.21,7.51,,
Jun,13,11.01,.33,.48,260,1097,28.40,-.20,6.98,,
Jun,13,11.25,.42,.39,20,90,29.00,-.24,8.99,,
Jun,13,11.26,.40,.43,70,170,28.00,-.24,8.46,,
Jun,13,11.50,.51,.52,130,347,28.50,-.28,10.69,,
Jun,13,11.76,.56,.52,20,650,27.00,-.32,11.96,,
Jun,13,12.00,.70,1.45,100,740,27.50,-.37,14.81,,
Jun,13,12.01,.66,.58,50,885,26.50,-.37,13.97,,
Jun,13,12.26,.77,.70,50,50,26.00,-.42,16.29,,
Jun,13,12.50,.94,1.91,16,3326,26.60,-.47,15.98,,
Jun,13,13.00,1.23,1.25,30,2442,25.60,-.58,11.53,,
Jun,13,13.01,1.18,1.16,200,1453,24.60,-.59,10.37,,
Jul,13,9.75,.17,.17,35,35,31.60,-.10,2.91,,
Sep,13,11.25,.64,1.74,200,410,26.80,-.25,8.21,,
Sep,13,11.50,.75,.74,318,789,26.50,-.29,9.55,,
Sep,13,12.50,1.24,1.22,70,795,25.40,-.45,13.53,,
Sep,13,13.00,1.54,2.34,10,900,24.80,-.54,11.03,,
Dec,13,8.50,.14,.20,30,90,30.20,-.05,1.32,,
Dec,13,11.50,.92,.94,250,477,27.30,-.29,8.61,,
Dec,13,12.00,1.15,1.10,46,553,26.90,-.36,10.82,,
Dec,13,12.50,1.37,1.37,2225,1437,25.30,-.43,11.15,,
Dec,13,13.50,2.06,2.31,40,545,26.20,-.58,8.32,,
,
Rio Tinto Last Sale Price $69.60,
Feb,13,57.00,.00,.02,100,1420,37.50,-,.11,,
Feb,13,57.51,.00,.02,41,349,37.30,-,.15,,
Feb,13,58.00,.01,.03,1520,8355,37.30,-,.22,,
Feb,13,58.01,.01,.03,57,808,37.20,-,.22,,
Feb,13,58.51,.01,.03,91,156,37.10,-,.34,,
Feb,13,59.00,.01,.02,551,2480,37.10,-,.56,,
Feb,13,59.01,.01,.02,95,112,36.90,-,.56,,
Feb,13,59.51,.01,.02,94,341,35.60,-,.56,,
Feb,13,60.00,.01,.02,1029,2432,35.10,-.01,.56,,
Feb,13,61.51,.03,.04,20,677,31.80,-.02,.94,,
Feb,13,62.00,.03,.03,300,1741,30.10,-.02,.94,,
Feb,13,62.01,.03,.13,40,676,30.00,-.02,.94,,
Feb,13,62.51,.04,.04,750,848,29.70,-.02,1.31,,
Feb,13,63.00,.04,.04,1244,8317,28.50,-.03,1.50,,
Feb,13,63.01,.04,.10,102,434,28.40,-.03,1.50,,
Feb,13,64.00,.07,.07,1674,3090,26.80,-.04,2.43,,
Feb,13,64.01,.06,.16,90,1033,26.50,-.04,2.25,,
Feb,13,65.00,.10,.10,1129,3388,24.90,-.06,3.75,,
Feb,13,65.01,.10,.41,482,1159,24.90,-.06,3.75,,
Feb,13,65.51,.13,.14,511,499,24.30,-.08,4.68,,
Feb,13,66.00,.16,.19,2434,2335,23.60,-.10,5.99,,
Feb,13,66.01,.17,.28,667,642,23.60,-.10,6.18,,
Feb,13,66.51,.20,.25,710,743,22.70,-.13,7.68,,
Feb,13,67.00,.29,.31,1973,1089,22.80,-.17,10.86,,
Feb,13,67.01,.28,.30,375,1431,22.60,-.17,10.68,,
Feb,13,67.51,.38,.41,692,453,22.20,-.21,14.05,,
Feb,13,68.00,.49,.51,2126,746,21.90,-.26,18.35,,
Feb,13,68.01,.48,.51,427,326,21.70,-.26,18.17,,
Feb,13,68.51,.62,.73,220,142,21.30,-.32,23.22,,
Feb,13,69.00,.80,.83,909,166,21.20,-.39,29.97,,
Feb,13,69.01,.81,.91,285,366,21.40,-.39,30.53,,
Feb,13,69.51,1.03,1.18,30,50,21.30,-.46,38.77,,
Feb,13,70.00,1.29,1.32,110,50,21.30,-.53,33.53,,
Feb,13,70.01,1.28,3.42,1150,1318,21.00,-.54,32.59,,
Feb,13,73.01,3.50,3.77,10,1010,21.00,-.90,3.18,,
Mar,13,44.95,.00,.01,400,1100,35.60,-,-,,
Mar,13,46.52,.00,2.62,160,329,35.60,-,-,,
Mar,13,48.89,.01,.13,160,331,35.60,-,-,,
Mar,13,49.68,.01,.03,45,401,35.60,-,.11,,
Mar,13,50.46,.01,.03,762,584,35.60,-,.16,,
Mar,13,51.25,.03,.05,400,1863,35.60,-,.27,,
Mar,13,52.04,.04,.06,748,825,35.60,-,.38,,
Mar,13,52.83,.04,.07,200,4263,34.40,-,.44,,
Mar,13,55.20,.06,.08,426,1105,31.50,-.02,.66,,
Mar,13,56.77,.09,.11,390,3158,29.90,-.02,.93,,
Mar,13,58.01,.11,.12,40,580,28.20,-.03,1.20,,
Mar,13,58.35,.12,.13,970,5623,27.60,-.03,1.26,,
Mar,13,58.36,.12,.13,109,394,27.60,-.03,1.26,,
Mar,13,59.14,.14,.16,125,321,26.70,-.03,1.47,,
Mar,13,59.15,.14,.15,220,317,26.70,-.03,1.47,,
Mar,13,59.93,.16,.31,35,894,25.70,-.04,1.75,,
Mar,13,59.94,.16,.29,149,862,25.70,-.04,1.75,,
Mar,13,60.72,.18,.20,628,629,24.70,-.05,1.97,,
Mar,13,61.50,.23,.25,777,2517,23.80,-.06,2.46,,
Mar,13,61.52,.23,.25,66,337,24.10,-.06,2.51,,
Mar,13,62.29,.28,.29,324,1408,23.30,-.07,3.06,,
Mar,13,62.30,.29,.38,223,266,23.50,-.08,3.17,,
Mar,13,63.08,.36,.39,405,1828,22.80,-.09,3.99,,
Mar,13,63.09,.36,.37,184,163,22.80,-.09,3.93,,
Mar,13,63.87,.46,.47,79,516,22.20,-.11,4.97,,
Mar,13,64.01,.47,.48,304,729,22.20,-.12,5.19,,
Mar,13,64.66,.57,.59,369,1442,21.80,-.14,6.28,,
Mar,13,65.01,.64,1.34,99,422,21.60,-.16,6.94,,
Mar,13,65.45,.73,.79,1248,2681,21.30,-.18,7.98,,
Mar,13,65.51,.74,.75,128,1356,21.30,-.18,8.08,,
Mar,13,66.24,.91,.99,487,2656,20.80,-.22,9.89,,
Mar,13,67.01,1.15,1.15,498,958,20.70,-.26,12.51,,
Mar,13,67.02,1.15,1.19,1585,3385,20.60,-.26,12.51,,
Mar,13,67.51,1.30,1.64,15,65,20.50,-.30,14.26,,
Mar,13,67.81,1.42,1.46,563,474,20.40,-.32,15.51,,
Mar,13,68.01,1.49,1.78,377,789,20.30,-.33,16.28,,
Mar,13,68.60,1.75,1.87,572,176,20.00,-.37,19.12,,
Mar,13,69.39,2.15,2.19,125,747,20.00,-.44,23.54,,
Mar,13,69.51,2.17,2.21,95,87,19.80,-.45,23.71,,
Mar,13,70.01,2.45,2.55,165,453,19.70,-.49,22.29,,
Mar,13,70.18,2.60,2.60,185,1302,19.90,-.50,22.01,,
Mar,13,70.97,3.08,3.59,100,100,19.70,-.57,18.63,,
Mar,13,72.01,3.77,5.00,110,881,19.80,-.66,14.86,,
Mar,13,73.01,4.54,4.75,68,265,19.90,-.73,12.40,,
Mar,13,74.13,5.50,7.90,50,40,20.50,-.81,10.54,,
Mar,13,78.86,9.88,10.23,53,196,23.50,-1.00,6.83,,
Apr,13,53.00,.07,.12,50,535,30.10,-.02,.52,,
Apr,13,56.00,.12,.25,10,401,26.70,-.03,.80,,
Apr,13,58.00,.19,.56,200,281,25.30,-.04,1.29,,
Apr,13,59.00,.23,.36,100,531,24.60,-.05,1.61,,
Apr,13,61.00,.35,.35,20,385,22.90,-.08,2.45,,
Apr,13,62.00,.45,.45,40,1842,22.30,-.10,3.15,,
Apr,13,62.01,.47,.54,62,491,22.60,-.10,3.25,,
Apr,13,63.00,.59,.59,38,707,21.90,-.12,4.13,,
Apr,13,63.01,.59,.81,84,211,21.90,-.12,4.13,,
Apr,13,64.00,.74,.78,181,1021,21.30,-.15,5.17,,
Apr,13,64.01,.75,1.65,190,363,21.40,-.15,5.21,,
Apr,13,65.00,.94,1.00,177,275,20.90,-.19,6.61,,
Apr,13,65.01,.94,.96,20,131,20.90,-.19,6.61,,
Apr,13,66.00,1.20,1.23,226,296,20.40,-.23,8.36,,
Apr,13,66.01,1.19,2.04,60,89,20.50,-.23,8.32,,
Apr,13,67.00,1.50,1.88,160,197,20.00,-.28,10.45,,
Apr,13,67.01,1.49,2.24,60,110,20.10,-.28,10.42,,
Apr,13,68.00,1.87,2.01,241,196,19.70,-.34,13.08,,
Apr,13,68.01,1.86,2.25,94,179,19.70,-.34,12.97,,
Apr,13,69.00,2.31,2.36,50,-,19.40,-.40,16.15,,
Apr,13,70.01,2.78,4.36,190,210,19.10,-.47,16.57,,
May,13,57.00,.22,.38,10,150,23.40,-.04,1.03,,
May,13,64.00,.57,3.04,20,111,16.10,-.12,2.69,,
May,13,64.01,1.10,1.15,20,-,21.10,-.18,5.13,,
May,13,65.00,.69,1.57,25,48,15.10,-.15,3.21,,
May,13,66.01,1.61,1.83,30,30,20.40,-.26,7.54,,
May,13,67.01,1.93,1.95,30,-,20.00,-.30,9.01,,
May,13,68.00,1.21,3.28,35,55,11.90,-.28,5.64,,
May,13,68.01,2.34,2.99,55,50,20.00,-.35,10.96,,
Jun,13,46.00,.04,.09,20,70,29.10,-,.13,,
Jun,13,47.00,.05,.10,128,523,29.10,-,.19,,
Jun,13,48.00,.07,.09,220,577,28.60,-.01,.24,,
Jun,13,54.00,.23,.47,120,1274,25.90,-.04,.88,,
Jun,13,59.00,.59,.83,130,1505,23.60,-.09,2.23,,
Jun,13,60.00,.70,1.29,20,1175,23.10,-.11,2.64,,
Jun,13,62.00,1.04,1.90,100,258,22.50,-.15,3.90,,
Jun,13,63.00,1.25,2.29,723,384,22.30,-.18,4.68,,
Jun,13,64.50,1.60,2.73,50,252,21.60,-.22,5.97,,
Jun,13,65.00,1.72,2.30,20,246,21.40,-.24,6.44,,
Jun,13,66.00,2.02,2.54,50,158,21.00,-.27,7.55,,
Jun,13,66.01,2.09,3.36,20,39,21.70,-.28,7.81,,
Jun,13,67.00,2.33,3.00,30,425,20.60,-.31,8.73,,
Jun,13,67.50,2.52,2.65,170,89,20.50,-.33,9.46,,
Jun,13,68.00,2.73,3.78,90,342,20.30,-.35,10.23,,
Jun,13,68.01,2.78,3.73,32,124,21.00,-.36,10.41,,
Jun,13,69.50,3.41,13.45,10,285,20.00,-.42,12.77,,
Jun,13,70.00,3.67,3.83,50,802,19.90,-.45,12.23,,
Jun,13,71.00,4.19,6.63,50,76,19.60,-.50,10.45,,
Jun,13,74.00,6.11,7.01,1000,121,18.90,-.67,6.39,,
Jun,13,75.01,6.84,6.84,1042,673,20.10,-.71,5.36,,
Jun,13,85.01,15.46,16.41,20,564,20.30,-1.00,.19,,
Sep,13,51.00,.42,.74,22,174,27.00,-.04,.96,,
Sep,13,52.00,.50,.60,50,231,26.60,-.05,1.12,,
Sep,13,58.00,1.20,1.29,65,681,24.60,-.12,2.71,,
Sep,13,59.00,1.38,2.76,10,74,24.30,-.13,3.12,,
Sep,13,60.00,1.57,2.46,50,556,24.00,-.15,3.56,,
Sep,13,61.00,1.77,3.55,20,260,23.70,-.17,4.03,,
Sep,13,62.00,2.03,3.27,15,513,23.40,-.19,4.61,,
Sep,13,63.00,2.29,3.39,10,127,23.10,-.21,5.19,,
Sep,13,64.00,2.59,4.59,15,49,22.80,-.24,5.88,,
Sep,13,67.00,3.65,4.21,3,33,22.00,-.33,8.29,,
Sep,13,68.00,4.04,4.67,10,184,21.70,-.36,9.18,,
Sep,13,69.00,4.54,7.39,2,185,21.60,-.39,10.31,,
Sep,13,75.01,8.02,7.98,13,214,21.20,-.63,5.93,,
Dec,13,53.62,1.05,1.21,212,429,26.40,-.09,1.76,,
Dec,13,55.20,1.27,1.54,16,113,25.80,-.10,2.12,,
Dec,13,62.29,2.74,3.51,116,122,23.60,-.21,4.56,,
Dec,13,63.87,3.23,4.72,8,49,23.10,-.25,5.37,,
Dec,13,64.66,3.49,3.70,44,1541,22.90,-.27,5.81,,
Dec,13,66.24,4.09,5.49,10,209,22.60,-.31,6.82,,
Dec,13,67.02,4.45,5.17,871,2644,22.60,-.33,7.40,,
Dec,13,67.81,4.80,6.55,8,320,22.60,-.35,7.99,,
Dec,13,69.39,5.59,5.92,11,96,22.40,-.40,9.31,,
Dec,13,70.18,5.98,6.12,20,-,22.30,-.42,8.99,,
Dec,13,70.97,6.37,6.51,20,1526,22.10,-.45,8.32,,
Dec,13,74.91,8.66,8.88,1,-,21.30,-.59,5.59,,
Dec,13,80.43,12.68,13.75,40,106,20.70,-.82,3.08,,
Jun,14,64.00,5.29,5.17,45,-,25.60,-.31,5.50,,
Sep,14,69.00,7.71,8.70,1,769,23.60,-.36,6.80,,
Dec,14,45.00,1.51,1.96,20,530,29.80,-.07,1.17,,
Dec,14,46.00,1.65,1.67,50,50,29.40,-.08,1.27,,
Dec,14,70.00,8.55,15.74,250,741,23.30,-.42,6.29,,
Dec,14,72.00,9.51,20.04,250,778,22.80,-.44,5.49,,
,
ResMed Inc Last Sale Price $4.30,
Feb,13,4.00,.01,.03,2000,2330,27.40,-.07,5.46,,
Apr,13,4.00,.09,.11,100,100,27.60,-.23,10.19,,
,
Seek Last Sale Price $8.64,
Feb,13,8.00,.04,.05,1768,1768,38.10,-.13,13.58,,
Feb,13,8.50,.14,.15,217,115,31.90,-.37,42.25,,
Mar,13,8.50,.30,.32,45,-,28.00,-.39,26.84,,
Mar,13,8.75,.45,.48,20,-,28.70,-.51,29.92,,
May,13,7.76,.17,.20,90,90,27.40,-.19,6.60,,
,
Sims Metal Mgt Last Sale Price $10.32,
Feb,13,9.25,.01,.11,17,500,36.70,-.05,3.79,,
Feb,13,9.50,.04,.07,434,60,36.40,-.10,8.84,,
Feb,13,9.75,.07,.12,62,40,34.00,-.17,16.42,,
Feb,13,10.00,.12,.17,108,32,33.00,-.29,30.32,,
Feb,13,10.25,.21,.28,69,-,32.20,-.43,53.05,,
Mar,13,8.75,.06,.14,40,110,34.90,-.08,4.05,,
Mar,13,9.00,.09,.12,40,308,34.90,-.11,6.63,,
Mar,13,9.50,.20,.25,401,199,34.40,-.22,14.37,,
Mar,13,9.75,.28,.51,79,79,34.10,-.28,20.26,,
Mar,13,10.00,.36,.41,43,74,33.60,-.35,26.89,,
Mar,13,10.25,.48,.54,118,-,33.20,-.43,35.37,,
Mar,13,10.50,.62,.83,20,-,33.00,-.52,32.42,,
Apr,13,9.75,.34,.39,35,100,31.70,-.29,16.27,,
Apr,13,10.00,.44,.67,50,50,31.20,-.36,20.75,,
,
Stockland Last Sale Price $3.41,
Feb,13,3.20,.02,.01,1146,3839,34.10,-.15,15.29,,
Feb,13,3.30,.03,.03,2302,501,29.00,-.25,22.94,,
Feb,13,3.40,.07,.06,609,-,26.90,-.45,49.70,,
Mar,13,3.30,.07,.07,795,854,23.80,-.31,14.49,,
Mar,13,3.40,.09,.07,300,600,20.10,-.44,20.07,,
Apr,13,3.20,.04,.04,270,5000,21.60,-.21,6.42,,
Apr,13,3.40,.11,.07,1000,1145,19.80,-.43,15.70,,
Mar,14,3.00,.16,.15,100,100,20.10,-.16,4.02,,
,
Santos Last Sale Price $12.28,
Feb,13,10.75,.01,.01,34,696,38.50,-.03,2.12,,
Feb,13,11.00,.01,.02,374,622,36.00,-.05,3.18,,
Feb,13,11.25,.03,.04,35,750,32.10,-.07,5.31,,
Feb,13,11.50,.03,.06,100,2564,26.50,-.08,5.31,,
Feb,13,11.75,.04,.07,341,3233,22.00,-.13,7.43,,
Feb,13,12.00,.08,.12,236,1375,20.70,-.26,16.98,,
Feb,13,12.25,.17,.16,82,285,20.00,-.45,35.03,,
Mar,13,9.00,.01,.01,30,287,36.50,-,.31,,
Mar,13,9.01,-,.01,30,30,23.70,-,.62,,
Mar,13,9.51,-,.02,51,51,23.70,-,1.24,,
Mar,13,10.50,.03,.05,189,4214,26.70,-.04,1.86,,
Mar,13,10.75,.04,.07,63,852,24.80,-.05,2.48,,
Mar,13,10.76,.03,.05,830,1360,23.70,-.05,1.86,,
Mar,13,11.01,.06,.67,150,545,24.00,-.08,3.72,,
Mar,13,11.25,.09,.16,300,881,22.50,-.11,5.26,,
Mar,13,11.50,.13,.13,265,1989,22.10,-.17,8.05,,
Mar,13,11.75,.20,.23,736,1504,21.40,-.24,12.08,,
Mar,13,12.00,.28,.28,252,483,20.80,-.33,17.34,,
Mar,13,12.01,.28,.95,150,6380,20.60,-.34,17.34,,
Mar,13,12.26,.41,.45,246,271,20.70,-.45,25.08,,
Mar,13,12.51,.56,.60,177,1546,20.80,-.56,20.13,,
Mar,13,12.75,.75,2.01,190,-,21.50,-.66,17.03,,
Mar,13,14.01,1.84,2.10,31,890,21.20,-1.00,6.81,,
Mar,13,15.01,2.82,3.13,3,7366,21.30,-1.00,5.57,,
Apr,13,10.76,.07,.07,195,183,22.90,-.08,2.58,,
Apr,13,11.25,.13,.14,4068,2000,21.40,-.14,4.95,,
Apr,13,11.75,.26,.40,75,362,20.60,-.27,10.11,,
Apr,13,12.00,.35,.53,3330,3381,20.30,-.34,13.87,,
Apr,13,12.25,.47,.55,10,425,20.00,-.43,18.63,,
May,13,10.00,.03,.07,130,100,22.00,-.03,.66,,
May,13,11.00,.14,.20,100,210,21.80,-.13,3.85,,
May,13,11.50,.26,.30,10,110,20.80,-.22,6.77,,
May,13,11.75,.34,.42,597,677,20.40,-.28,8.89,,
Jun,13,10.25,.09,.10,30,150,23.80,-.08,1.91,,
Jun,13,11.01,.18,.18,180,48,21.60,-.15,3.82,,
Jun,13,12.01,.50,.63,86,166,20.80,-.36,10.51,,
Sep,13,8.00,.04,.04,500,500,29.60,-.02,.45,,
Sep,13,11.50,.53,.69,10,180,22.40,-.27,6.82,,
Dec,13,12.02,.88,.95,1171,1392,22.30,-.36,8.30,,
Dec,13,13.67,1.83,2.03,15,81,20.20,-.71,4.15,,
Jun,14,10.00,.42,.75,10,120,24.30,-.14,2.48,,
,
Suncorp Grp Last Sale Price $10.91,
Feb,13,9.83,.01,.03,278,1294,35.40,-.05,3.58,,
Feb,13,10.08,.03,.03,362,1669,31.90,-.08,5.97,,
Feb,13,10.32,.04,.04,599,586,28.10,-.13,9.56,,
Feb,13,10.57,.08,.16,696,973,25.70,-.24,19.12,,
Feb,13,10.82,.15,.27,20,2390,23.80,-.40,35.85,,
Feb,13,11.06,.28,.38,1002,557,23.70,-.60,29.87,,
Mar,13,9.59,.05,.06,132,3300,25.10,-.06,3.48,,
Mar,13,9.83,.07,.07,134,428,23.20,-.08,4.88,,
Mar,13,10.08,.11,.11,940,902,22.00,-.13,7.32,,
Mar,13,10.32,.17,.16,204,971,21.20,-.20,11.50,,
Mar,13,10.33,.17,.23,200,1084,21.10,-.20,11.50,,
Apr,13,9.00,.03,.04,69,69,25.70,-.03,1.34,,
Apr,13,10.50,.27,.30,65,65,19.40,-.28,12.04,,
May,13,10.75,.50,.53,30,40,21.10,-.38,14.94,,
Jun,13,9.34,.12,.13,727,4629,23.10,-.10,2.87,,
Jun,13,9.59,.16,.16,63,130,22.30,-.13,3.70,,
Sep,13,10.82,.75,1.29,100,30,17.70,-.39,10.79,,
Dec,13,11.07,.97,.95,300,300,18.60,-.44,8.66,,
,
Sydney Airport Last Sale Price $3.22,
Feb,13,3.00,.01,.04,250,740,27.30,-.08,4.86,,
Feb,13,3.01,.02,.01,1330,1140,37.30,-.15,16.19,,
Feb,13,3.10,.01,.01,75,9036,23.60,-.18,12.15,,
Feb,13,3.20,.03,.03,1250,2300,16.80,-.39,24.29,,
Mar,13,3.01,.04,.02,160,360,25.10,-.19,8.27,,
Mar,13,3.10,.03,.03,1700,2937,17.90,-.23,7.08,,
Mar,13,3.18,.06,.04,645,7134,16.80,-.37,12.99,,
Mar,13,3.25,.09,.08,440,562,17.30,-.52,14.17,,
May,13,2.90,.03,.05,250,500,20.30,-.13,3.04,,
May,13,3.10,.05,.04,200,440,15.50,-.26,5.06,,
Jun,13,3.02,.07,.09,200,289,16.00,-.19,5.67,,
Jun,13,3.03,.07,.10,420,2291,16.00,-.20,5.67,,
Jun,13,3.10,.10,.10,70,70,15.00,-.26,7.69,,
Jun,13,3.26,.17,.10,420,1020,13.90,-.49,10.93,,
Jul,13,3.30,.20,.19,100,-,13.20,-.55,8.43,,
Jul,13,3.40,.28,.27,100,-,13.20,-.75,6.75,,
Dec,13,3.41,.32,.40,100,158,14.20,-.66,4.68,,
,
Tabcorp Hldgs Last Sale Price $3.28,
Feb,13,2.80,.00,.02,300,1073,35.30,-,1.59,,
Feb,13,2.90,.01,.03,3070,4925,34.60,-.03,6.36,,
Feb,13,3.00,.01,.09,700,2400,28.40,-.04,11.92,,
Feb,13,3.10,.04,.04,2244,244,27.20,-.12,27.82,,
Feb,13,3.20,.07,.08,2000,840,24.90,-.28,59.61,,
Mar,13,2.80,.01,.03,300,1288,24.80,-.03,2.09,,
Mar,13,2.90,.01,.06,570,1210,23.00,-.05,3.48,,
Mar,13,3.00,.03,.10,300,1609,21.40,-.10,6.96,,
Mar,13,3.11,.07,.08,75,175,21.40,-.21,15.07,,
Mar,13,3.20,.11,.26,100,1987,21.30,-.33,24.34,,
Mar,13,3.90,.73,.90,250,250,21.70,-1.00,25.50,,
Apr,13,3.10,.07,.17,1800,1800,19.00,-.21,10.39,,
Jun,13,3.00,.07,.13,700,546,20.30,-.18,5.96,,
Jun,13,4.00,.83,.99,250,250,22.70,-1.00,8.74,,
Sep,13,4.00,.89,1.05,250,250,26.50,-.87,7.95,,
,
Transurban Grp Last Sale Price $6.18,
Feb,13,6.00,.01,.01,244,1613,14.40,-.12,4.22,,
Feb,13,6.50,.32,.42,1,10,2.00,-1.00,-,,
Mar,13,5.50,.00,.01,80,280,15.40,-.01,.25,,
Mar,13,5.75,.01,.02,50,401,15.30,-.07,1.23,,
Mar,13,6.00,.04,.07,40,2199,13.50,-.22,5.54,,
Mar,13,6.25,.14,.13,250,250,13.30,-.55,9.23,,
Apr,13,6.00,.07,.07,100,899,13.30,-.25,5.12,,
,
Ten Network Hldgs Last Sale Price $0.29,
Feb,13,0.35,.06,.06,200,200,88.70,-.83,44.19,,
Mar,13,0.29,.03,.03,100,1150,77.70,-.41,77.33,,
Sep,13,0.30,.06,.06,60,360,59.90,-.40,26.78,,
Dec,13,0.26,.04,.04,30,-,58.80,-.28,15.71,,
,
Telstra Corp Last Sale Price $4.62,
Feb,13,4.30,.01,.02,11273,30785,17.50,-.01,3.95,,
Feb,13,4.40,.02,.02,26475,37102,15.50,-.04,11.29,,
Feb,13,4.41,.02,.02,3305,11385,14.50,-.04,11.29,,
Feb,13,4.50,.06,.05,10000,14698,13.80,-.14,31.04,,
Feb,13,4.51,.06,.07,5410,11397,13.70,-.15,33.86,,
Feb,13,4.60,.13,.12,3326,3635,13.30,-.40,70.54,,
Feb,13,4.61,.14,.13,2559,5367,15.60,-.44,79.00,,
Feb,13,4.70,.22,.23,200,4521,16.60,-.69,79.00,,
Mar,13,4.10,.01,.01,1000,17622,16.50,-.02,1.15,,
Mar,13,4.16,.01,.01,1000,3460,16.60,-.03,1.65,,
Mar,13,4.20,.01,.02,4246,34398,15.40,-.03,2.47,,
Mar,13,4.25,.02,.03,5141,17512,14.90,-.04,3.29,,
Mar,13,4.30,.03,.03,4671,9611,14.60,-.06,4.11,,
Mar,13,4.31,.03,.02,1652,4063,14.20,-.06,4.11,,
Mar,13,4.40,.05,.05,4428,16959,13.70,-.12,8.23,,
Mar,13,4.41,.05,.04,6962,9246,13.70,-.13,8.23,,
Mar,13,4.50,.09,.09,8950,21265,13.60,-.24,14.81,,
Mar,13,4.51,.10,.09,7288,15331,13.40,-.26,15.64,,
Mar,13,4.60,.16,.15,12469,8159,13.90,-.41,25.51,,
Mar,13,4.70,.23,.27,1012,1429,12.20,-.62,23.87,,
Apr,13,4.10,.01,.01,2000,5363,15.40,-.03,1.05,,
Apr,13,4.30,.04,.04,1837,94513,14.10,-.09,4.21,,
Apr,13,4.40,.07,.08,200,6491,13.70,-.16,6.85,,
Apr,13,4.50,.11,.10,66,1931,13.20,-.26,11.06,,
Apr,13,4.51,.11,.10,4271,4759,13.20,-.28,11.59,,
Apr,13,4.60,.17,.16,2132,2015,13.10,-.41,17.38,,
May,13,3.90,.01,.01,4000,4000,17.50,-.02,.71,,
May,13,4.20,.04,.04,160,5418,14.70,-.08,2.47,,
May,13,4.30,.06,.07,555,1484,14.10,-.12,3.88,,
May,13,4.50,.13,.15,13334,10437,13.30,-.28,8.82,,
May,13,4.60,.18,.17,3972,2570,13.10,-.40,12.70,,
May,13,4.70,.26,.29,30,530,13.50,-.54,12.34,,
Jun,13,3.70,.01,.01,1500,8102,18.20,-.01,.40,,
Jun,13,3.71,.01,.01,923,6874,18.30,-.02,.40,,
Jun,13,3.91,.01,.02,100,1310,16.80,-.03,.85,,
Jun,13,4.00,.02,.03,1000,41141,15.80,-.04,1.13,,
Jun,13,4.01,.02,.03,500,5368,15.70,-.04,1.13,,
Jun,13,4.10,.03,.07,1000,17393,15.20,-.06,1.69,,
Jun,13,4.30,.07,.08,1342,7821,14.00,-.14,3.67,,
Jun,13,4.31,.07,.08,261,3412,13.90,-.14,3.67,,
Jun,13,4.40,.10,.09,2685,5581,13.60,-.20,5.36,,
Jun,13,4.50,.14,.13,1578,2178,13.40,-.29,7.90,,
Jun,13,4.51,.14,.13,7117,7443,13.60,-.30,7.90,,
Jun,13,4.60,.20,.20,43,43,13.30,-.40,11.00,,
Jul,13,4.10,.04,.05,314,314,15.10,-.07,1.88,,
Jul,13,4.20,.06,.04,350,350,14.80,-.11,2.59,,
Jul,13,4.30,.07,.07,800,50,14.00,-.15,3.53,,
Jul,13,4.50,.15,.14,620,2001,13.60,-.30,7.05,,
Sep,13,3.80,.04,.14,500,6925,16.50,-.04,1.20,,
Sep,13,3.90,.04,.05,454,16087,16.00,-.05,1.54,,
Sep,13,4.10,.09,.10,4000,4614,15.20,-.10,2.91,,
Sep,13,4.11,.09,.10,400,5573,15.10,-.10,2.91,,
Sep,13,4.21,.11,.15,500,2368,14.70,-.13,3.76,,
Sep,13,4.30,.14,.16,1395,12425,14.50,-.18,4.96,,
Sep,13,4.31,.14,.15,200,500,14.20,-.18,4.96,,
Sep,13,4.40,.19,.19,3239,5184,14.20,-.23,6.50,,
Sep,13,4.46,.22,.20,177,177,14.10,-.27,7.35,,
Sep,13,4.50,.24,.23,506,2116,13.90,-.30,8.21,,
Sep,13,4.51,.24,.23,32,444,13.90,-.31,8.21,,
Sep,13,4.60,.30,.28,69,569,14.10,-.39,10.43,,
Dec,13,2.50,.01,.01,1200,25507,29.10,-,.13,,
Dec,13,3.20,.01,.01,2000,2712,21.50,-.02,.38,,
Dec,13,3.40,.02,.02,500,10000,19.30,-.02,.50,,
Dec,13,4.00,.09,.08,80,6852,15.70,-.09,2.13,,
Dec,13,4.10,.11,.11,2000,2200,15.20,-.11,2.63,,
Dec,13,4.30,.17,.17,8166,9000,14.50,-.19,4.26,,
Dec,13,4.40,.21,.22,100,4627,14.00,-.24,5.27,,
Dec,13,4.50,.28,.25,6356,2683,14.70,-.31,6.90,,
Dec,13,5.00,.62,.61,100,102,13.40,-.83,6.02,,
Mar,14,3.60,.04,.07,1,2193,15.60,-.02,.77,,
Mar,14,3.80,.08,.09,22,50,15.60,-.05,1.53,,
Mar,14,4.00,.14,.14,97,5716,15.50,-.09,2.58,,
Mar,14,4.20,.21,.21,310,5987,15.50,-.16,4.02,,
Mar,14,4.25,.23,.23,1490,530,15.50,-.20,4.50,,
Jun,14,4.00,.17,1.32,2000,520,16.00,-.12,2.59,,
Jun,15,3.60,.17,.43,600,3210,17.60,-.07,1.59,,
,
Toll Hldgs Last Sale Price $5.33,
Feb,13,4.70,.01,.02,530,1860,43.30,-.05,4.89,,
Feb,13,5.25,.10,.14,504,699,33.80,-.38,46.47,,
Feb,13,5.50,.23,.20,10,10,32.30,-.68,29.35,,
Mar,13,4.75,.07,.07,50,205,32.30,-.13,9.27,,
Mar,13,4.90,.09,.08,1000,1451,29.40,-.18,12.13,,
Mar,13,5.00,.12,.11,20,2603,28.60,-.23,16.41,,
Mar,13,5.25,.22,.22,493,2273,27.50,-.40,30.67,,
Mar,13,5.50,.37,.65,400,654,26.60,-.59,28.53,,
Apr,13,4.60,.06,.05,137,162,29.50,-.10,5.02,,
Apr,13,4.80,.10,.07,410,410,28.70,-.17,8.67,,
Apr,13,4.90,.12,.10,328,478,27.60,-.21,10.50,,
Apr,13,5.01,.14,.18,60,60,26.80,-.26,13.24,,
Apr,13,5.25,.25,.22,825,725,25.40,-.39,22.37,,
May,13,5.25,.29,.27,110,134,25.30,-.39,17.73,,
Jun,13,4.20,.04,.06,100,100,29.00,-.06,1.96,,
Sep,13,4.80,.24,.20,30,30,25.60,-.22,7.11,,
Sep,13,5.00,.32,.28,92,105,24.70,-.29,9.34,,
Sep,13,5.25,.44,.40,30,30,24.30,-.38,12.90,,
Dec,13,5.25,.49,.48,119,119,24.20,-.38,10.65,,
,
Tatts Grp Last Sale Price $3.37,
Mar,13,2.90,.01,.01,2580,1020,27.20,-.05,2.26,,
,
Treasury Wine Estates Last Sale Price $4.94,
May,13,4.90,.24,.21,10,30,23.20,-.41,15.83,,
Dec,13,4.00,.10,.11,60,120,24.70,-.11,2.35,,
,
Westpac Banking Last Sale Price $28.08,
Feb,13,25.01,.01,.01,220,280,31.60,-.02,1.39,,
Feb,13,25.50,.01,.02,1324,2685,23.40,-.01,.46,,
Feb,13,26.00,.02,.01,201,2225,23.40,-.04,1.86,,
Feb,13,26.01,.02,.02,280,363,23.30,-.04,1.86,,
Feb,13,26.50,.03,.04,140,1738,20.40,-.06,2.79,,
Feb,13,27.00,.06,.06,3737,7634,18.40,-.11,5.57,,
Feb,13,27.01,.06,.05,340,592,18.50,-.12,5.57,,
Feb,13,27.50,.14,.12,5522,9266,17.10,-.24,12.53,,
Feb,13,28.00,.30,.28,8093,6139,16.60,-.44,27.85,,
Feb,13,28.01,.29,.28,292,323,16.30,-.44,27.39,,
Feb,13,28.50,.58,.52,878,779,16.20,-.67,14.86,,
Feb,13,29.00,.97,1.05,20,100,16.90,-.85,5.11,,
Feb,13,30.00,1.92,1.85,42,-,14.50,-1.00,-,,
Mar,13,24.51,.03,.04,125,406,21.20,-.03,.68,,
Mar,13,25.00,.05,.05,587,4224,21.10,-.05,1.35,,
Mar,13,25.01,.05,.05,61,1752,21.10,-.05,1.35,,
Mar,13,25.50,.07,.07,201,2942,19.90,-.07,1.90,,
Mar,13,25.51,.07,.07,175,235,19.90,-.07,1.90,,
Mar,13,26.00,.10,.08,278,1937,18.50,-.10,2.71,,
Mar,13,26.50,.15,.14,518,10360,17.50,-.14,4.06,,
Mar,13,26.51,.15,.14,1440,1440,17.50,-.15,4.06,,
Mar,13,27.00,.24,.22,1242,3928,17.00,-.22,6.50,,
Mar,13,27.01,.23,.20,35,545,16.80,-.22,6.36,,
Mar,13,27.50,.36,.35,1040,1540,16.10,-.31,9.75,,
Mar,13,28.00,.55,.56,780,2542,15.70,-.43,14.76,,
Mar,13,28.01,.55,.37,1988,1431,15.80,-.43,14.89,,
Mar,13,28.50,.80,.75,99,259,15.30,-.57,10.29,,
Mar,13,29.00,1.13,1.16,100,100,15.20,-.71,5.55,,
Mar,13,30.00,1.96,1.94,300,160,15.50,-.95,.95,,
Apr,13,22.00,.04,.03,60,875,29.90,-.03,.69,,
Apr,13,25.00,.09,.07,300,625,19.50,-.07,1.47,,
Apr,13,25.50,.12,.11,472,1725,18.60,-.09,2.08,,
Apr,13,26.00,.17,.22,223,879,17.80,-.13,2.95,,
Apr,13,26.01,.17,.20,99,224,17.90,-.13,2.95,,
Apr,13,26.50,.25,.19,55,1531,17.10,-.18,4.25,,
Apr,13,26.51,.24,.28,79,279,17.10,-.18,4.16,,
Apr,13,27.00,.34,.32,547,1242,16.40,-.24,5.89,,
Apr,13,27.01,.34,.45,450,395,16.40,-.24,5.81,,
Apr,13,27.50,.48,.47,200,990,15.90,-.32,8.32,,
Apr,13,27.51,.47,.44,360,450,15.90,-.33,8.23,,
Apr,13,28.00,.67,.63,976,1289,15.50,-.42,11.61,,
Apr,13,28.50,.92,.84,1032,1594,15.20,-.54,8.58,,
Apr,13,29.00,1.22,1.16,94,134,14.80,-.66,5.20,,
Apr,13,29.51,1.55,1.60,20,20,14.80,-.78,2.08,,
Apr,13,30.00,1.99,2.00,500,500,14.70,-.91,1.21,,
May,13,25.00,.23,.87,150,485,17.70,-.08,2.67,,
May,13,25.50,.33,.20,60,122,17.50,-.11,3.77,,
May,13,26.51,.56,.54,2341,3141,16.20,-.20,6.44,,
May,13,27.00,.80,.55,150,190,16.90,-.27,9.23,,
Jun,13,21.00,.04,.06,540,6733,22.90,-.01,.32,,
Jun,13,22.00,.07,.08,50,2422,21.90,-.02,.60,,
Jun,13,23.00,.11,.42,250,3009,20.40,-.04,1.02,,
Jun,13,23.50,.14,.12,100,3447,19.60,-.05,1.25,,
Jun,13,24.01,.17,.15,50,460,19.00,-.06,1.62,,
Jun,13,25.00,.30,.22,400,5047,17.80,-.10,2.79,,
Jun,13,25.50,.39,.34,40,3011,17.10,-.13,3.57,,
Jun,13,26.00,.51,.97,600,1858,16.70,-.16,4.69,,
Jun,13,26.50,.66,.63,1752,1627,16.30,-.21,6.08,,
Jun,13,27.51,1.04,.99,40,40,15.70,-.34,9.66,,
Jun,13,28.00,1.28,1.20,30,445,14.90,-.41,11.93,,
Sep,13,24.50,.41,.37,230,568,18.20,-.11,2.34,,
Sep,13,25.00,.49,.52,660,1531,17.60,-.13,2.76,,
Sep,13,25.50,.60,1.14,550,563,17.20,-.16,3.40,,
Sep,13,26.00,.71,1.18,480,2348,16.50,-.19,4.02,,
Dec,13,21.00,.23,.23,120,420,21.30,-.04,.93,,
Dec,13,22.50,.37,.39,50,1400,19.70,-.06,1.53,,
Dec,13,23.00,.44,.49,50,4003,19.20,-.07,1.80,,
Dec,13,25.00,.86,.93,111,2048,17.50,-.15,3.55,,
Dec,13,26.00,1.19,1.13,150,2355,16.90,-.21,4.91,,
Dec,13,26.50,1.39,1.36,565,1363,16.60,-.25,5.74,,
Dec,13,27.00,1.62,1.50,200,1851,16.40,-.29,6.66,,
Dec,13,27.50,1.86,1.76,41,1,16.10,-.34,7.68,,
Dec,13,28.00,2.08,3.17,1020,1000,15.30,-.39,8.58,,
Dec,13,32.00,6.08,5.01,12,12,28.10,-.64,8.89,,
Jun,14,19.00,.34,.35,1,1,23.60,-.05,.88,,
Jun,14,21.00,.64,.60,1,12,22.60,-.08,1.65,,
Jun,14,21.50,.75,.61,30,78,22.50,-.08,1.92,,
Jun,14,24.00,1.28,1.14,30,463,20.00,-.14,3.30,,
Jun,14,25.00,1.56,1.55,400,230,18.80,-.20,4.02,,
Jun,14,30.00,4.25,4.18,61,20,16.40,-.62,6.00,,
,
Westfield Grp Last Sale Price $11.05,
Feb,13,10.00,-,.01,150,459,20.10,-,1.89,,
Feb,13,10.50,.01,.03,250,4782,19.50,-.07,3.54,,
Feb,13,10.75,.04,.04,2136,2681,16.80,-.17,8.26,,
Feb,13,10.76,.03,.16,300,180,16.00,-.17,7.08,,
Feb,13,11.00,.10,.14,1680,744,15.70,-.41,23.59,,
Mar,13,10.00,.01,.17,100,2590,17.90,-.05,1.03,,
Mar,13,10.01,.01,.17,890,1270,16.00,-.03,.62,,
Mar,13,10.26,.03,.05,180,590,16.10,-.08,1.72,,
Mar,13,10.51,.05,.19,725,4502,15.10,-.14,3.44,,
Mar,13,10.75,.11,.12,5234,5835,15.60,-.26,7.57,,
Mar,13,10.76,.10,.11,90,2107,14.60,-.26,6.88,,
Mar,13,11.00,.20,.22,550,463,15.10,-.42,13.76,,
Mar,13,11.01,.20,.20,1290,1351,14.70,-.42,13.42,,
Mar,13,11.25,.33,.35,80,140,14.60,-.60,8.60,,
Apr,13,10.25,.05,.06,100,140,15.80,-.11,2.20,,
Apr,13,11.00,.24,.52,150,170,14.60,-.41,10.57,,
Apr,13,11.25,.36,.44,150,500,14.40,-.56,7.27,,
Apr,13,11.26,.35,.39,10,-,14.00,-.57,6.39,,
Jun,13,10.25,.11,.14,270,1694,15.50,-.15,2.48,,
Jun,13,10.75,.24,.25,100,105,15.30,-.30,5.66,,
Jun,13,11.00,.34,.60,200,130,15.20,-.40,8.02,,
Jun,13,11.25,.47,.94,100,298,15.10,-.51,6.25,,
Sep,13,9.75,.12,.17,30,136,15.90,-.10,1.72,,
Sep,13,10.00,.17,.21,445,270,15.80,-.14,2.43,,
Sep,13,10.25,.23,.26,792,440,15.50,-.18,3.29,,
Sep,13,10.75,.42,.43,75,30,15.50,-.31,6.01,,
Sep,13,11.01,.53,.50,100,100,15.20,-.40,7.51,,
Dec,13,7.85,.01,.05,60,405,19.00,-.01,.16,,
Dec,13,10.99,.62,.65,400,495,15.80,-.38,6.50,,
Dec,13,11.18,.72,.76,564,564,15.80,-.44,6.24,,
Mar,14,10.00,.34,.38,885,225,15.90,-.16,2.76,,
Mar,14,10.50,.53,.55,1055,1125,15.60,-.25,4.20,,
Mar,14,11.00,.77,.80,100,80,15.50,-.37,6.16,,
,
Wesfarmers Last Sale Price $38.63,
Feb,13,30.50,-,.01,200,442,24.10,-,.67,,
Feb,13,33.51,.00,.04,54,-,22.80,-,-,,
Feb,13,34.01,.00,.04,50,148,22.80,-,.20,,
Feb,13,34.50,.01,.04,130,560,22.70,-,.47,,
Feb,13,35.50,.04,.07,60,1766,22.40,-.02,2.70,,
Feb,13,35.51,.04,.04,50,120,22.50,-.02,2.70,,
Feb,13,36.50,.10,.13,223,1512,19.00,-.05,6.75,,
Feb,13,36.51,.10,.12,250,808,18.70,-.05,6.41,,
Feb,13,37.00,.20,.20,611,3196,18.80,-.10,13.16,,
Feb,13,37.01,.19,.37,100,485,18.30,-.09,12.49,,
Feb,13,37.50,.34,.36,302,627,18.10,-.17,22.61,,
Feb,13,38.00,.57,.55,110,365,18.70,-.30,38.81,,
Feb,13,38.50,.90,.86,42,382,19.30,-.44,60.40,,
Feb,13,39.00,1.29,1.45,62,560,20.70,-.57,62.09,,
Mar,13,32.50,.00,.16,14,2799,17.50,-,-,,
Mar,13,33.01,.04,.06,100,110,21.40,-.01,.69,,
Mar,13,34.51,.09,.09,40,40,18.90,-.04,1.67,,
Mar,13,35.50,.14,.14,30,1571,16.90,-.06,2.85,,
Mar,13,36.00,.22,.29,250,1386,16.60,-.09,4.23,,
Mar,13,36.01,.22,.46,50,175,16.80,-.10,4.33,,
Mar,13,36.50,.32,.28,81,744,16.30,-.13,6.20,,
Mar,13,36.51,.32,.52,20,1815,16.30,-.13,6.20,,
Mar,13,37.00,.44,.54,177,2220,16.00,-.19,8.66,,
Mar,13,37.50,.61,.63,211,545,15.70,-.25,12.11,,
Mar,13,38.00,.84,.90,495,475,15.50,-.33,16.54,,
Mar,13,38.01,.80,.79,100,147,14.90,-.33,15.75,,
Mar,13,38.50,1.13,1.16,180,160,15.70,-.43,22.24,,
Apr,13,35.50,.25,.23,120,136,16.50,-.09,3.15,,
Apr,13,37.50,.76,.95,30,185,15.10,-.27,9.57,,
Apr,13,38.00,.98,1.13,82,92,14.90,-.34,12.35,,
Apr,13,38.50,1.26,1.34,10,85,15.00,-.42,15.87,,
May,13,36.50,.65,.59,30,30,16.20,-.20,5.48,,
May,13,37.00,.81,1.04,252,332,16.00,-.24,6.83,,
Jun,13,31.00,.06,.09,10,296,19.00,-.02,.37,,
Jun,13,36.00,.63,.89,75,415,16.40,-.18,4.22,,
Jun,13,36.01,.58,.59,1017,1192,15.90,-.17,3.91,,
Jun,13,36.50,.77,.70,125,545,16.20,-.21,5.20,,
Sep,13,33.50,.63,2.17,15,222,18.10,-.10,2.56,,
Sep,13,34.01,.70,1.35,20,541,17.80,-.12,2.88,,
Sep,13,34.50,.83,.85,157,202,17.50,-.14,3.42,,
Sep,13,35.00,.94,1.34,15,1550,17.00,-.15,3.84,,
Sep,13,37.00,1.68,1.87,20,50,16.40,-.27,6.85,,
Sep,13,37.01,1.61,1.80,10,10,16.00,-.27,6.56,,
Sep,13,40.01,3.27,3.79,1,1,14.90,-.56,7.71,,
Dec,13,29.57,.31,.35,20,486,20.80,-.04,.93,,
Dec,13,36.25,1.34,2.05,15,115,14.40,-.21,4.00,,
Dec,13,36.73,1.46,2.84,15,16,13.80,-.23,4.38,,
,
WorleyParsons Last Sale Price $25.53,
Feb,13,21.50,.00,.02,24,337,34.70,-,.20,,
Feb,13,22.00,.01,.02,73,875,34.70,-,.61,,
Feb,13,23.00,.04,.07,30,1150,34.70,-.05,3.57,,
Feb,13,23.50,.08,.07,115,974,35.20,-.10,8.17,,
Feb,13,24.00,.11,.11,184,480,31.80,-.14,11.23,,
Feb,13,24.01,.10,.10,100,195,30.60,-.13,10.21,,
Feb,13,24.50,.19,.18,254,750,29.90,-.21,18.89,,
Feb,13,25.00,.31,.29,487,478,28.70,-.33,31.66,,
Feb,13,25.50,.50,.47,47,116,27.20,-.47,50.55,,
Feb,13,26.00,.75,.93,198,171,25.50,-.63,28.59,,
Mar,13,20.00,.01,.05,30,30,29.90,-,.45,,
Mar,13,21.00,.04,.07,35,251,29.60,-.03,1.34,,
Mar,13,22.00,.10,.13,400,1600,28.20,-.06,2.98,,
Mar,13,22.01,.11,.16,500,374,28.90,-.06,3.28,,
Mar,13,22.51,.17,.16,10,100,28.40,-.09,4.91,,
Mar,13,23.50,.28,.26,200,1725,25.10,-.15,8.34,,
Mar,13,23.51,.27,.27,71,253,24.70,-.15,8.04,,
Mar,13,24.00,.39,.52,68,588,24.20,-.20,11.62,,
Mar,13,24.50,.55,.59,45,155,23.50,-.27,16.23,,
Mar,13,25.00,.73,.66,59,39,22.70,-.35,21.74,,
Mar,13,25.01,.71,.70,300,545,22.20,-.35,21.30,,
Mar,13,25.50,.98,.94,21,5,22.10,-.45,29.19,,
Mar,13,26.50,1.58,1.62,43,21,19.20,-.68,18.02,,
Mar,13,26.51,1.66,1.47,5,-,22.50,-.65,20.11,,
Mar,13,27.00,1.99,1.75,50,25,19.20,-.79,15.49,,
Mar,13,27.01,2.05,2.04,10,430,22.50,-.74,16.98,,
Apr,13,22.01,.16,.17,60,126,25.50,-.07,2.95,,
Apr,13,23.00,.28,.27,32,234,24.10,-.13,5.43,,
Apr,13,23.01,.28,.30,24,101,23.80,-.13,5.34,,
Apr,13,23.50,.38,.45,121,121,23.40,-.17,7.24,,
Apr,13,24.00,.51,1.00,100,220,22.80,-.23,9.72,,
Apr,13,24.50,.69,.80,40,60,22.50,-.29,13.06,,
Jun,13,16.01,.01,.01,400,-,29.10,-,-,,
Jun,13,26.00,1.65,1.60,20,1075,20.40,-.49,12.05,,
Sep,13,23.50,1.12,1.65,90,155,23.10,-.24,6.93,,
Dec,13,24.50,1.86,1.86,15,124,23.50,-.33,8.42,,
,
Woolworths Last Sale Price $32.75,
Feb,13,29.70,.01,.03,1617,4056,23.00,-.01,.40,,
Feb,13,30.20,.01,.04,7030,7157,22.70,-.03,1.19,,
Feb,13,30.69,.01,.03,986,5804,19.40,-.03,1.19,,
Feb,13,30.70,.03,.06,230,960,21.70,-.05,2.39,,
Feb,13,31.19,.03,.07,2466,3020,17.20,-.06,2.39,,
Feb,13,31.68,.07,.07,1332,1004,16.10,-.12,5.17,,
Feb,13,31.69,.07,.36,50,50,15.90,-.12,5.17,,
Feb,13,32.18,.14,.15,4523,1795,15.30,-.25,11.54,,
Feb,13,32.67,.30,.30,899,577,14.60,-.44,24.28,,
Feb,13,32.68,.31,.41,54,54,14.70,-.44,24.68,,
Mar,13,27.73,.03,.07,80,1617,23.00,-.02,.70,,
Mar,13,28.22,.03,.04,100,1628,20.80,-.02,.70,,
Mar,13,28.71,.04,.08,112,1855,18.70,-.02,.81,,
Mar,13,29.22,.06,.33,830,986,18.00,-.03,1.28,,
Mar,13,29.70,.08,.10,500,4610,17.10,-.04,1.86,,
Mar,13,29.71,.08,.10,25,635,17.10,-.04,1.86,,
Mar,13,30.20,.12,.38,50,2261,16.30,-.06,2.79,,
Mar,13,30.21,.12,.15,338,1707,16.30,-.06,2.79,,
Mar,13,30.69,.18,.19,149,1088,15.60,-.10,4.18,,
Mar,13,31.19,.28,.34,1238,1688,15.00,-.15,6.39,,
Mar,13,31.21,.28,.29,160,160,15.20,-.15,6.62,,
Mar,13,31.68,.42,.46,747,796,14.70,-.22,9.87,,
Mar,13,31.69,.42,.43,360,540,14.80,-.22,9.87,,
Mar,13,32.18,.63,.65,932,482,14.50,-.32,14.63,,
Mar,13,32.67,.90,.94,592,390,14.50,-.43,20.90,,
Mar,13,33.17,1.24,4.26,100,300,14.70,-.55,19.04,,
Mar,13,33.66,1.61,1.70,40,376,14.70,-.68,16.25,,
Apr,13,29.70,.13,.18,58,473,16.00,-.06,1.93,,
Apr,13,29.71,.13,.28,200,250,15.70,-.06,1.86,,
Apr,13,30.20,.18,.20,87,317,15.20,-.09,2.67,,
Apr,13,30.69,.26,.31,120,265,14.80,-.12,3.86,,
Apr,13,31.19,.38,.38,279,205,14.40,-.17,5.57,,
Apr,13,31.68,.53,.69,10,10,14.10,-.24,7.88,,
Apr,13,32.18,.74,.76,260,160,13.90,-.32,11.00,,
Apr,13,32.67,1.00,1.08,100,100,13.90,-.42,14.93,,
May,13,29.50,.19,.18,48,425,15.80,-.08,1.89,,
May,13,30.50,.32,.32,59,768,14.30,-.13,3.13,,
May,13,31.00,.44,.52,97,127,14.20,-.18,4.38,,
May,13,32.00,.80,.89,60,60,13.90,-.30,7.96,,
Jun,13,26.73,.04,.07,10,1720,17.50,-.02,.36,,
Jun,13,27.23,.07,.13,10,558,17.50,-.03,.52,,
Jun,13,27.72,.09,.16,40,4246,17.00,-.03,.68,,
Jun,13,28.72,.14,.52,20,3225,15.90,-.06,1.15,,
Jun,13,29.21,.20,.42,50,435,15.70,-.08,1.63,,
Jun,13,30.20,.33,.72,220,418,14.50,-.12,2.63,,
Jun,13,31.19,.54,.56,40,-,13.50,-.20,4.30,,
Jun,13,31.21,.61,.98,70,250,14.80,-.22,4.90,,
Jun,13,32.18,.94,1.00,320,520,13.50,-.33,7.52,,
Sep,13,27.72,.23,.56,500,812,15.80,-.05,1.09,,
Sep,13,28.71,.33,.50,215,209,14.70,-.07,1.59,,
Sep,13,29.21,.45,.72,200,1769,15.00,-.10,2.17,,
Sep,13,29.70,.56,.61,50,1010,14.60,-.12,2.68,,
Sep,13,31.19,1.05,1.11,70,139,14.40,-.24,5.09,,
Dec,13,27.72,.33,.35,150,832,15.40,-.06,1.15,,
Dec,13,29.70,.70,.79,600,2670,14.50,-.14,2.49,,
Dec,13,30.69,1.01,1.10,50,190,14.20,-.20,3.57,,
Dec,13,31.19,1.20,1.58,10,56,14.00,-.24,4.25,,
Dec,13,35.15,3.52,3.20,20,-,12.60,-.82,3.98,,
Jun,14,24.75,.20,.40,30,380,15.90,-.02,.44,,
Jun,14,32.18,2.29,2.31,332,-,14.80,-.33,5.06,,
Jun,14,39.70,7.62,7.85,210,260,13.80,-1.00,1.48,,
,
Woodside Petroleum Last Sale Price $35.80,
Feb,13,30.50,.00,.02,184,642,30.50,-,-,,
Feb,13,32.01,.00,.04,150,1142,24.30,-,.29,,
Feb,13,33.00,.04,.10,200,1418,27.20,-.05,2.91,,
Feb,13,33.50,.05,.14,215,1335,24.30,-.07,3.64,,
Feb,13,33.51,.05,.05,850,848,24.00,-.06,3.64,,
Feb,13,34.00,.07,.14,1700,3573,22.30,-.10,5.46,,
Feb,13,34.01,.07,.22,250,849,22.20,-.10,5.46,,
Feb,13,34.50,.12,.14,963,2133,20.80,-.16,8.74,,
Feb,13,34.51,.12,.31,1576,1355,20.70,-.16,8.74,,
Feb,13,35.00,.20,.33,1092,1951,19.50,-.25,14.93,,
Feb,13,35.01,.21,.49,2332,1672,19.50,-.25,15.29,,
Feb,13,35.50,.35,.43,123,472,18.90,-.38,25.85,,
Feb,13,35.51,.35,.65,312,1025,18.70,-.38,25.85,,
Feb,13,36.00,.58,.56,250,1738,18.40,-.54,28.04,,
Feb,13,36.01,.58,.65,30,399,18.20,-.54,27.31,,
Feb,13,36.50,.90,.86,20,130,18.20,-.70,14.57,,
Mar,13,27.50,.02,.04,250,270,31.80,-,.42,,
Mar,13,28.00,.03,.04,40,661,31.60,-.01,.53,,
Mar,13,28.50,.03,.05,30,80,29.70,-.01,.64,,
Mar,13,30.00,.03,.05,500,1226,23.70,-.01,.64,,
Mar,13,31.00,.07,.13,160,1284,22.60,-.03,1.38,,
Mar,13,31.01,.06,.13,37,248,21.80,-.02,1.17,,
Mar,13,32.00,.13,.22,99,3340,21.20,-.05,2.66,,
Mar,13,32.01,.12,.15,980,1477,20.90,-.05,2.44,,
Mar,13,33.00,.20,.35,607,3257,18.80,-.09,4.25,,
Mar,13,33.01,.20,.23,344,1163,18.90,-.09,4.35,,
Mar,13,33.50,.28,.49,78,4766,18.10,-.12,5.84,,
Mar,13,33.74,.33,.57,45,190,18.00,-.15,7.01,,
Mar,13,34.00,.39,.65,1206,2040,17.70,-.17,8.28,,
Mar,13,34.01,.38,.65,80,1425,17.30,-.17,7.97,,
Mar,13,34.24,.45,.63,15,180,17.30,-.20,9.45,,
Mar,13,34.50,.52,.52,68,1113,16.80,-.23,11.05,,
Mar,13,35.00,.70,1.06,1508,1320,16.20,-.30,14.87,,
Mar,13,35.01,.69,.74,822,1301,16.20,-.30,14.66,,
Mar,13,35.51,.94,1.37,817,1230,16.00,-.39,19.97,,
Mar,13,36.01,1.24,1.30,907,1598,16.00,-.50,21.88,,
Mar,13,36.51,1.49,1.96,100,388,13.60,-.63,16.57,,
Mar,13,39.00,3.84,4.10,20,661,15.50,-1.00,13.49,,
Mar,13,42.00,6.82,7.35,20,108,15.50,-1.00,13.17,,
Apr,13,31.00,.11,.19,100,115,20.50,-.04,1.50,,
Apr,13,32.50,.25,.29,110,175,18.70,-.09,3.33,,
Apr,13,33.00,.32,.51,1100,1278,18.20,-.12,4.35,,
Apr,13,33.50,.41,.59,20,330,17.70,-.16,5.64,,
Apr,13,34.00,.52,.52,535,127,16.80,-.20,7.00,,
Apr,13,34.50,.68,1.03,263,503,16.40,-.25,9.18,,
Apr,13,34.51,.68,.66,20,150,16.50,-.25,9.18,,
Apr,13,35.00,.86,.85,530,390,16.00,-.32,11.69,,
Apr,13,38.51,3.23,3.21,20,-,13.60,-1.00,7.14,,
May,13,32.00,.33,.43,30,180,19.30,-.11,2.96,,
May,13,35.00,1.12,1.50,10,10,16.90,-.33,10.15,,
May,13,39.01,3.77,4.32,20,20,16.10,-.91,5.10,,
Jun,13,32.50,.52,.67,70,1430,19.00,-.15,3.79,,
Jun,13,33.00,.63,.81,40,708,18.60,-.18,4.55,,
Jun,13,33.50,.75,.96,540,658,18.30,-.21,5.46,,
Jun,13,34.50,1.07,1.18,50,225,17.60,-.29,7.79,,
Jun,13,35.00,1.27,2.41,250,801,17.20,-.34,9.25,,
Jun,13,35.50,1.50,1.44,5,149,16.90,-.39,10.89,,
Jun,13,37.01,2.31,2.83,5,105,16.60,-.58,8.05,,
Jun,13,40.00,4.88,5.18,200,300,16.30,-1.00,4.95,,
Jun,13,42.01,6.42,7.01,20,60,10.20,-1.00,1.53,,
Sep,13,30.00,.52,.63,30,174,21.40,-.10,2.27,,
Sep,13,34.00,1.55,1.70,10,91,19.00,-.28,6.86,,
Dec,13,30.77,.95,1.10,50,442,21.60,-.15,3.07,,
Dec,13,32.75,1.49,1.42,30,1173,20.50,-.22,4.81,,
Dec,13,33.74,1.84,2.15,7,331,20.00,-.27,5.94,,
Dec,13,34.74,2.24,2.33,150,210,19.50,-.33,7.25,,
Dec,13,35.73,2.73,2.74,1000,1481,19.30,-.40,8.85,,
Dec,13,38.72,4.42,4.58,208,238,18.30,-.65,4.86,,
Jun,15,30.00,3.19,3.25,5,21,27.40,-.19,3.74,,
,
Westfield Retail Tr Last Sale Price $3.12,
Apr,13,3.10,.07,.07,150,-,14.60,-.40,10.14,,
Sep,13,2.80,.04,.04,120,-,14.60,-.11,2.03,,
Dec,13,3.10,.19,.17,481,481,15.90,-.38,6.87,,
Jun,14,2.90,.18,.16,120,120,17.50,-.22,4.18,,
,
XPJ Last Sale Price,
Feb,13,4125,-,.01,80,810,17.70,-,-,,
Feb,13,4175,-,.01,100,1677,17.70,-,-,,
Feb,13,4200,-,.01,160,2203,17.70,-,-,,
Feb,13,4225,-,.01,80,1226,17.70,-,-,,
Feb,13,4275,-,.01,80,1263,17.70,-,-,,
Feb,13,4300,-,.01,673,3925,17.70,-,-,,
Feb,13,4325,-,.01,689,2864,17.70,-,-,,
Feb,13,4350,-,.01,238,3125,17.70,-,-,,
Feb,13,4375,-,.01,1360,1887,17.70,-,-,,
Feb,13,4400,-,.01,917,2694,17.70,-,-,,
Feb,13,4425,-,.02,216,2038,17.70,-,-,,
Feb,13,4450,-,.02,1127,3814,17.70,-,-,,
Feb,13,4475,.00,.01,346,4507,17.70,-,-,,
Feb,13,4500,.00,.01,154,3611,17.70,-,-,,
Feb,13,4525,.00,.03,505,5376,17.70,-,-,,
Feb,13,4550,.00,.02,545,3654,17.70,-,-,,
Feb,13,4575,.01,.02,481,3631,17.70,-,-,,
Feb,13,4600,.01,.02,2792,8251,17.70,-,-,,
Feb,13,4625,.01,.02,474,2039,17.70,-,-,,
Feb,13,4650,.02,.02,1401,3963,17.70,-,-,,
Feb,13,4675,.03,.03,306,1589,17.70,-,-,,
Feb,13,4700,.03,.04,2042,4511,16.90,-,-,,
Feb,13,4725,.04,.04,782,2284,16.00,-,-,,
Feb,13,4750,.04,.04,2522,5772,14.90,-,-,,
Feb,13,4775,.04,.05,1887,2181,13.80,-,-,,
Feb,13,4800,.06,.06,4124,6232,13.30,-,-,,
Feb,13,4825,.08,.08,1614,2827,12.70,-,-,,
Feb,13,4850,.10,.12,4936,4623,11.90,-,-,,
Feb,13,4875,.15,.16,1638,1197,11.80,-,-,,
Feb,13,4900,.21,.20,4367,3428,11.50,-,-,,
Feb,13,4925,.29,.28,1618,502,11.30,-,-,,
Feb,13,4950,.40,.38,4072,3446,11.30,-,-,,
Feb,13,4975,.53,.52,203,257,11.20,-,-,,
Feb,13,5000,.70,.67,5448,712,11.50,-,-,,
Feb,13,5100,1.61,1.84,198,174,16.50,-,-,,
Feb,13,5325,3.71,4.61,16,16,13.70,-,-,,
Mar,13,3750,-,.01,150,1899,16.80,-,-,,
Mar,13,3825,-,.01,2710,2529,16.80,-,-,,
Mar,13,3850,-,.01,50,104,16.80,-,-,,
Mar,13,3900,-,.01,880,3334,16.80,-,-,,
Mar,13,3925,-,.02,40,854,16.80,-,-,,
Mar,13,3950,-,.02,450,1191,16.80,-,-,,
Mar,13,4000,-,.02,10,6963,16.80,-,-,,
Mar,13,4025,-,.02,235,1372,16.80,-,-,,
Mar,13,4050,-,.02,100,1444,16.80,-,-,,
Mar,13,4075,-,.02,50,1335,16.80,-,-,,
Mar,13,4100,-,.03,24,6422,16.80,-,-,,
Mar,13,4200,.00,.04,856,4349,16.80,-,-,,
Mar,13,4225,.00,.05,125,1587,16.80,-,-,,
Mar,13,4250,.00,.04,275,2741,16.80,-,-,,
Mar,13,4275,.00,.04,140,4714,16.80,-,-,,
Mar,13,4300,.01,.06,1363,6739,16.80,-,-,,
Mar,13,4325,.01,.07,40,1774,16.80,-,-,,
Mar,13,4350,.01,.05,1140,7762,16.80,-,-,,
Mar,13,4375,.01,.07,180,1652,16.80,-,-,,
Mar,13,4400,.02,.06,412,2651,16.80,-,-,,
Mar,13,4425,.03,.06,1841,4783,16.80,-,-,,
Mar,13,4450,.04,.06,38,5769,16.80,-,-,,
Mar,13,4475,.04,.08,115,4522,16.80,-,-,,
Mar,13,4500,.06,.07,948,7770,16.80,-,-,,
Mar,13,4525,.07,.07,1746,2247,16.80,-,-,,
Mar,13,4550,.08,.10,1215,4001,16.40,-,-,,
Mar,13,4575,.09,.11,780,4567,16.00,-,-,,
Mar,13,4600,.10,.11,691,8505,15.50,-,-,,
Mar,13,4625,.11,.12,871,2833,15.10,-,-,,
Mar,13,4650,.13,.18,486,6061,14.70,-,-,,
Mar,13,4675,.14,.18,827,1774,14.10,-,-,,
Mar,13,4700,.17,.16,2636,5594,13.80,-,-,,
Mar,13,4725,.19,.24,974,1779,13.30,-,-,,
Mar,13,4750,.22,.23,1285,2945,13.00,-,-,,
Mar,13,4775,.26,.26,505,2248,12.70,-,-,,
Mar,13,4800,.31,.31,1659,4808,12.50,-,-,,
Mar,13,4825,.37,.45,1088,1044,12.30,-,-,,
Mar,13,4850,.44,.42,3638,2978,12.10,-,-,,
Mar,13,4875,.51,.50,590,185,11.80,-,-,,
Mar,13,4900,.60,.59,1674,1585,11.60,-,-,,
Mar,13,4925,.71,.73,293,292,11.50,-,-,,
Mar,13,4950,.83,1.17,69,90,11.40,-,-,,
Mar,13,4975,.95,.99,2,2,11.00,-,-,,
Mar,13,5000,1.11,1.55,22,197,11.00,-,-,,
Mar,13,5025,1.40,1.43,36,23,13.10,-,-,,
Mar,13,5050,1.44,1.76,28,143,10.90,-,-,,
Mar,13,5200,2.72,3.18,56,66,11.30,-,-,,
Mar,13,5400,4.65,5.12,17,3,11.30,-,-,,
Mar,13,5900,9.63,9.80,30,20,11.40,-,-,,
Apr,13,3800,.01,.02,245,350,25.50,-,-,,
Apr,13,3950,.02,.04,50,50,23.60,-,-,,
Apr,13,4050,.03,.04,50,50,22.40,-,-,,
Apr,13,4100,.04,.04,138,100,21.70,-,-,,
Apr,13,4200,.05,.05,245,80,20.10,-,-,,
Apr,13,4300,.06,.09,20,354,18.40,-,-,,
Apr,13,4350,.08,.10,155,536,17.80,-,-,,
Apr,13,4400,.09,.13,25,270,16.90,-,-,,
Apr,13,4425,.10,.16,680,880,16.60,-,-,,
Apr,13,4450,.11,.12,596,924,16.30,-,-,,
Apr,13,4475,.12,.14,670,975,16.00,-,-,,
Apr,13,4500,.13,.13,655,879,15.60,-,-,,
Apr,13,4525,.14,.18,648,822,15.10,-,-,,
Apr,13,4550,.15,.17,548,1163,14.80,-,-,,
Apr,13,4575,.16,.21,745,2760,14.40,-,-,,
Apr,13,4600,.18,.19,1287,1107,14.10,-,-,,
Apr,13,4625,.20,.26,372,656,13.80,-,-,,
Apr,13,4650,.22,.28,195,567,13.40,-,-,,
Apr,13,4675,.25,.32,517,577,13.10,-,-,,
Apr,13,4700,.29,.36,246,1670,13.00,-,-,,
Apr,13,4725,.32,.40,47,890,12.60,-,-,,
Apr,13,4750,.37,.37,1037,635,12.50,-,-,,
Apr,13,4775,.42,.54,222,857,12.30,-,-,,
Apr,13,4800,.48,.48,1023,926,12.10,-,-,,
Apr,13,4825,.54,.62,902,702,11.80,-,-,,
Apr,13,4850,.61,.61,645,1319,11.60,-,-,,
Apr,13,4875,.70,.72,483,388,11.50,-,-,,
Apr,13,4900,.79,.95,421,716,11.30,-,-,,
Apr,13,4925,.89,.92,1427,1377,11.10,-,-,,
Apr,13,4975,1.12,1.15,92,113,10.60,-,-,,
Jun,13,3200,-,.02,350,793,19.50,-,-,,
Jun,13,3725,.01,.05,100,29,19.50,-,-,,
Jun,13,3775,.02,.06,200,100,19.50,-,-,,
Jun,13,3825,.03,.07,10,165,19.50,-,-,,
Jun,13,3875,.04,.07,10,106,19.50,-,-,,
Jun,13,3900,.04,.09,45,14882,19.50,-,-,,
Jun,13,4000,.07,.11,176,3723,19.50,-,-,,
Jun,13,4075,.11,.12,100,510,19.40,-,-,,
Jun,13,4100,.11,.12,27,3610,19.10,-,-,,
Jun,13,4150,.13,.13,125,548,18.50,-,-,,
Jun,13,4175,.14,.15,110,200,18.30,-,-,,
Jun,13,4200,.14,.18,86,6292,17.90,-,-,,
Jun,13,4250,.16,.17,30,2809,17.40,-,-,,
Jun,13,4275,.17,.18,12,1188,17.10,-,-,,
Jun,13,4300,.18,.19,31,1782,16.80,-,-,,
Jun,13,4325,.19,.20,25,867,16.50,-,-,,
Jun,13,4350,.20,.24,850,9997,16.20,-,-,,
Jun,13,4375,.22,.25,36,995,16.00,-,-,,
Jun,13,4400,.23,.28,350,1401,15.70,-,-,,
Jun,13,4425,.25,.30,40,1737,15.50,-,-,,
Jun,13,4500,.32,.32,259,2425,14.80,-,-,,
Jun,13,4550,.37,.54,451,496,14.30,-,-,,
Jun,13,4575,.40,.48,169,752,14.00,-,-,,
Jun,13,4600,.43,.43,485,9205,13.80,-,-,,
Jun,13,4625,.47,.53,293,454,13.70,-,-,,
Jun,13,4650,.51,.58,1178,2248,13.50,-,-,,
Jun,13,4675,.55,.56,83,1194,13.20,-,-,,
Jun,13,4700,.62,.62,1018,2076,13.30,-,-,,
Jun,13,4725,.66,.79,168,1612,12.90,-,-,,
Jun,13,4750,.72,.73,443,1466,12.80,-,-,,
Jun,13,4775,.78,.94,26,237,12.50,-,-,,
Jun,13,4800,.85,.97,782,1315,12.40,-,-,,
Jun,13,4825,.93,.94,542,520,12.30,-,-,,
Jun,13,4850,1.02,1.17,135,300,12.20,-,-,,
Jun,13,4875,1.11,1.12,103,193,12.00,-,-,,
Jun,13,4900,1.21,1.32,102,2237,11.90,-,-,,
Jun,13,4950,1.41,1.65,1,68,11.50,-,-,,
Jun,13,5000,1.67,1.67,187,165,11.40,-,-,,
Jun,13,5150,2.61,2.96,36,36,10.90,-,-,,
Sep,13,3700,.13,.16,28,64,21.30,-,-,,
Sep,13,3800,.17,.21,10,103,20.80,-,-,,
Sep,13,4000,.25,.27,15,1416,18.80,-,-,,
Sep,13,4100,.29,.33,80,1488,17.80,-,-,,
Sep,13,4300,.42,.52,204,609,15.80,-,-,,
Sep,13,4400,.53,.63,439,1630,15.00,-,-,,
Sep,13,4450,.64,.71,300,270,15.10,-,-,,
Sep,13,4475,.67,.73,10,15,14.90,-,-,,
Sep,13,4500,.70,.72,178,315,14.60,-,-,,
Sep,13,4600,.90,.94,185,527,14.00,-,-,,
Sep,13,4700,1.15,1.28,54,308,13.40,-,-,,
Sep,13,4775,1.38,1.91,5,200,13.00,-,-,,
Sep,13,4800,1.47,1.63,110,226,12.90,-,-,,
Sep,13,4850,1.66,1.85,50,53,12.60,-,-,,
Sep,13,5000,2.31,2.36,15,35,11.60,-,-,,
Dec,13,2500,.00,.06,300,1315,21.40,-,-,,
Dec,13,3900,.39,.38,36,80,19.30,-,-,,
Dec,13,4000,.46,.42,7,192,18.60,-,-,,
Dec,13,4100,.54,.58,15,981,17.70,-,-,,
Dec,13,4200,.64,.66,124,163,17.00,-,-,,
Dec,13,4300,.77,.69,160,245,16.30,-,-,,
Dec,13,4350,.81,2.85,12,13,15.70,-,-,,
Dec,13,4400,.86,.86,31,152,15.10,-,-,,
Dec,13,4450,.98,1.74,125,187,15.10,-,-,,
Dec,13,4500,1.13,1.18,59,339,15.10,-,-,,
Dec,13,4550,1.24,1.25,114,182,14.80,-,-,,
Dec,13,4600,1.38,1.40,108,575,14.60,-,-,,
Dec,13,4650,1.54,1.58,10,529,14.40,-,-,,
Dec,13,4700,1.66,1.74,37,892,14.00,-,-,,
Dec,13,4750,1.79,2.70,6,62,13.50,-,-,,
Dec,13,4800,1.93,1.95,65,209,13.00,-,-,,
Dec,13,4850,2.24,2.31,4,21,13.40,-,-,,
Dec,13,5000,2.98,4.29,5,38,13.00,-,-,,
Dec,13,5400,5.72,5.90,3,5,12.40,-,-,,
Dec,13,7000,20.74,20.86,4,9,12.50,-,-,,
Mar,14,4000,.30,.75,115,363,13.90,-,-,,
Mar,14,4300,.82,1.26,15,300,13.90,-,-,,
Mar,14,4350,.94,1.10,10,-,13.90,-,-,,
Mar,14,4600,1.75,1.74,1,14,13.90,-,-,,
Jun,14,4500,1.53,1.89,443,300,12.80,-,-,,
Jun,14,4600,1.92,2.10,217,237,12.80,-,-,,
,
